361	140	15
-0.4290604293346405	2.5	-0.7073440551757812	0.7353516221046448	0.9032765626907349	1.0	0	0.0	0	0.0	0	0.0	-0.46883654594421387	-0.8832849860191345	-1.0	0.0	0.0	0.0	0.8832849860191345	-0.46883654594421387
0.5796283483505249	3.225046396255493	-1.0921895503997803	0.6030274629592896	0.9891637563705444	1.0	0	0.0	0	0.0	0	0.0	-0.46883654594421387	-0.8832849860191345	-1.0	0.0	0.0	0.0	0.8832849860191345	-0.46883654594421387
0.5796283483505249	2.5	-0.7073440551757812	0.6030274629592896	0.9032765626907349	1.0	0	0.0	0	0.0	0	0.0	-0.46883654594421387	-0.8832849860191345	-1.0	0.0	0.0	0.0	0.8832849860191345	-0.46883654594421387
0.5796283483505249	1.0815987586975098	-1.0	0.13118435442447662	0.6666262149810791	1.0	5	0.0	0	0.0	0	0.9999994039535522	0.0	0.0010940666543319821	0.0010940666543319821	-3.0166270903464465e-07	-0.9999994039535522	3.3003910715478924e-10	1.0	-3.0166253850438807e-07
0.5785297751426697	2.0	0.004118427634239197	1.404944782734674e-08	0.7871060371398926	1.0	1	0.0	0	0.0	0	0.9999994039535522	0.0	0.0010940666543319821	0.0010940666543319821	-3.0166270903464465e-07	-0.9999994039535522	3.3003910715478924e-10	1.0	-3.0166253850438807e-07
0.5785297751426697	-0.9999999403953552	0.004118427634239197	4.8454950274390285e-08	0.3935530185699463	0.5	12	0.5	9	0.0	0	0.9999994039535522	0.0	0.0010940666543319821	0.0010940666543319821	-3.016626806129352e-07	-0.9999993443489075	3.300390793992136e-10	1.0	-3.0166251008267864e-07
0.5796283483505249	-3.59684681892395	-1.2744868993759155	0.16719280183315277	0.0528874397277832	0.5	14	0.5	13	0.0	0	1.0	0.0	0.0	0.0	0.0	-1.0	0.0	1.0	0.0
0.5796283483505249	-4.0	-0.3603777587413788	0.047276001423597336	0.0	1.0	14	0.0	0	0.0	0	1.0	0.0	0.0	0.0	0.0	-1.0	0.0	1.0	0.0
0.5796283483505249	-4.0	-1.3603777885437012	0.17846034467220306	0.0	1.0	14	0.0	0	0.0	0	1.0	0.0	0.0	0.0	0.0	-1.0	0.0	1.0	0.0
-0.4290604293346405	-0.16563522815704346	-1.5137381553649902	0.86767578125	0.6006327271461487	1.0	7	0.0	0	0.0	0	0.0	-1.0	0.0	0.0	0.0	-1.0	1.0	0.0	0.0
0.5796283483505249	-0.16563522815704346	-2.2983970642089844	0.9706107378005981	0.7329568862915039	1.0	7	0.0	0	0.0	0	0.0	-1.0	0.0	0.0	0.0	-1.0	1.0	0.0	0.0
0.5796283483505249	-0.16563522815704346	-1.5137381553649902	0.86767578125	0.7329568862915039	1.0	7	0.0	0	0.0	0	0.0	-1.0	0.0	0.0	0.0	-1.0	1.0	0.0	0.0
0.5796283483505249	2.5	-0.7073440551757812	0.09279247373342514	0.8526983261108398	1.0	0	0.0	0	0.0	0	0.9999988079071045	0.0	0.0015441037248820066	0.0015441038412973285	0.0	-0.9999988675117493	0.0	1.0	0.0
0.5785297751426697	3.2250466346740723	0.004118427634239197	0.0	0.9478130340576172	1.0	0	0.0	0	0.0	0	0.9999988079071045	0.0	0.0015441037248820066	0.0015441036084666848	0.0	-0.9999987483024597	0.0	1.0	0.0
0.5785297751426697	2.5	0.004118427634239197	8.315197419506148e-09	0.8526983261108398	1.0	0	0.0	0	0.0	0	0.9999988079071045	0.0	0.0015441037248820066	0.0015441038412973285	0.0	-0.9999988675117493	0.0	1.0	0.0
-0.4290604293346405	1.51218581199646	-2.0	0.8676757216453552	0.6192017793655396	1.0	6	0.0	0	0.0	0	0.0	0.5662633776664734	-0.8242243528366089	-1.0	0.0	0.0	0.0	0.8242243528366089	0.5662633776664734
0.5796283483505249	1.0778541564941406	-2.2983970642089844	0.7353515625	0.5567294359207153	1.0	6	0.0	0	0.0	0	0.0	0.5662633776664734	-0.8242243528366089	-1.0	0.0	0.0	0.0	0.8242243528366089	0.5662633776664734
-0.4290604293346405	1.0778541564941406	-2.2983970642089844	0.8676757216453552	0.5567294359207153	1.0	6	0.0	0	0.0	0	0.0	0.5662633776664734	-0.8242243528366089	-1.0	0.0	0.0	0.0	0.8242243528366089	0.5662633776664734
0.5796283483505249	2.0	-0.8280850648880005	0.7353515028953552	0.942803144454956	0.5	5	0.5	1	0.0	0	0.0	0.9232122302055359	-0.3842907249927521	-1.0	0.0	0.0	0.0	0.3842907249927521	0.9232122302055359
-0.4290604293346405	1.51218581199646	-2.0	0.8676756620407104	0.7820367813110352	1.0	6	0.0	0	0.0	0	0.0	0.9232122302055359	-0.3842907249927521	-1.0	0.0	0.0	0.0	0.3842907249927521	0.9232122302055359
-0.4290604293346405	2.0	-0.8280850648880005	0.8676756620407104	0.942803144454956	0.5	5	0.5	1	0.0	0	0.0	0.9232122302055359	-0.3842907249927521	-1.0	0.0	0.0	0.0	0.3842907249927521	0.9232122302055359
0.5796283483505249	-0.16563522815704346	-1.5137381553649902	0.86767578125	0.274380087852478	1.0	7	0.0	0	0.0	0	1.0	0.0	0.0	0.0	-5.1613181284437815e-08	-1.0	0.0	1.0	-5.1613181284437815e-08
0.5796283483505249	0.06001606583595276	-2.2983970642089844	0.9706107378005981	0.3039820194244385	1.0	7	0.0	0	0.0	0	1.0	0.0	0.0	0.0	-1.1895638607484216e-07	-1.0	0.0	1.0	-1.1895638607484216e-07
0.5796283483505249	0.06001606583595276	-1.5137381553649902	0.86767578125	0.3039820194244385	1.0	7	0.0	0	0.0	0	1.0	0.0	0.0	0.0	0.0	-1.0	0.0	1.0	0.0
-0.4290604293346405	1.0815987586975098	-1.0	0.47184300422668457	0.6666262149810791	1.0	5	0.0	0	0.0	0	-1.0	0.0	0.0	0.0	-8.67996732267784e-07	1.0	0.0	1.0	8.67996732267784e-07
-0.4290604293346405	1.51218581199646	-2.0	0.34065866470336914	0.7231123447418213	1.0	6	0.0	0	0.0	0	-1.0	0.0	0.0	0.0	-8.67996732267784e-07	1.0	0.0	1.0	8.67996732267784e-07
-0.4290604293346405	1.0778541564941406	-2.2983970642089844	0.301513671875	0.6661348342895508	1.0	6	0.0	0	0.0	0	-1.0	0.0	0.0	0.0	-8.679967891112028e-07	1.0	0.0	1.0	8.679967891112028e-07
0.5796283483505249	-4.0	-1.3603777885437012	0.9988601207733154	0.274380087852478	1.0	14	0.0	0	0.0	0	0.0	-1.0	0.0	0.0	0.0	-1.0	1.0	0.0	0.0
-0.4290604293346405	-4.0	-0.3603777587413788	0.86767578125	0.14205589890480042	1.0	14	0.0	0	0.0	0	0.0	-1.0	0.0	0.0	0.0	-1.0	1.0	0.0	0.0
-0.4290604293346405	-4.0	-1.3603777885437012	0.9988601207733154	0.14205589890480042	1.0	14	0.0	0	0.0	0	0.0	-1.0	0.0	0.0	0.0	-1.0	1.0	0.0	0.0
-0.4290604293346405	-3.59684681892395	-1.2744868993759155	0.4358346462249756	0.0528874397277832	0.5	14	0.5	13	0.0	0	-1.0	0.0	0.0	0.0	0.0	1.0	0.0	1.0	0.0
-0.4290604293346405	-4.0	-0.3603777587413788	0.5557515621185303	0.0	1.0	14	0.0	0	0.0	0	-1.0	0.0	0.0	0.0	0.0	1.0	0.0	1.0	0.0
-0.4290604293346405	-3.59684681892395	-0.31194859743118286	0.5621047019958496	0.0528874397277832	0.5	14	0.5	13	0.0	0	-1.0	0.0	0.0	0.0	0.0	1.0	0.0	1.0	0.0
0.5796283483505249	-3.59684681892395	-1.2744868993759155	0.6030274629592896	0.05400562286376953	0.5	14	0.5	13	0.0	0	0.0	0.2083713263273239	-0.9780498147010803	-1.0	0.0	0.0	0.0	0.9780498147010803	0.2083713263273239
-0.4290604293346405	-4.0	-1.3603777885437012	0.7353516221046448	0.0	1.0	14	0.0	0	0.0	0	0.0	0.2083713263273239	-0.9780498147010803	-1.0	0.0	0.0	0.0	0.9780498147010803	0.2083713263273239
-0.4290604293346405	-3.59684681892395	-1.2744868993759155	0.7353516221046448	0.05400562286376953	0.5	14	0.5	13	0.0	0	0.0	0.2083713263273239	-0.9780498147010803	-1.0	0.0	0.0	0.0	0.9780498147010803	0.2083713263273239
-0.4290604293346405	3.225046396255493	-1.0921895503997803	1.0	0.0	1.0	0	0.0	0	0.0	0	0.0	1.0	-2.174740814098186e-07	-1.0	0.0	0.0	0.0	2.174740814098186e-07	1.0
0.5785297751426697	3.2250466346740723	0.004118427634239197	0.8676758408546448	0.14205586910247803	1.0	0	0.0	0	0.0	0	0.0	1.0	-2.174740814098186e-07	-1.0	0.0	0.0	0.0	2.1747409562067332e-07	1.0
0.5796283483505249	3.225046396255493	-1.0921895503997803	0.8676758408546448	0.0	1.0	0	0.0	0	0.0	0	0.0	1.0	-2.174740814098186e-07	-1.0	0.0	0.0	0.0	2.174740814098186e-07	1.0
-0.4290604293346405	2.5	-0.7073440551757812	0.5102348327636719	0.8526983261108398	1.0	0	0.0	0	0.0	0	-0.9999994039535522	-0.0005308413528837264	-0.001000101794488728	-0.0010001020273193717	2.1414847140022175e-07	0.9999995231628418	-0.000530840887222439	0.9999999403953552	-7.450439056810865e-07
-0.4301578998565674	3.2250466346740723	0.005168542265892029	0.60302734375	0.9478130340576172	1.0	0	0.0	0	0.0	0	-0.9999994039535522	-0.0005308413528837264	-0.001000101794488728	-0.0010001020273193717	2.1414845718936704e-07	0.9999995231628418	-0.000530840887222439	0.9999999403953552	-7.450439056810865e-07
-0.4290604293346405	3.225046396255493	-1.0921895503997803	0.4597492218017578	0.9478130340576172	1.0	0	0.0	0	0.0	0	-0.9999994039535522	-0.0005308413528837264	-0.001000101794488728	-0.0010001020273193717	2.1414847140022175e-07	0.9999995827674866	-0.0005308408290147781	0.9999998807907104	-7.450438488376676e-07
-0.4290604293346405	-3.59684681892395	-0.31194859743118286	0.7353516221046448	0.05317258834838867	0.5	14	0.5	13	0.0	0	0.001033392851240933	-0.12121526151895523	0.9926257133483887	0.9999995231628418	-1.091193246871569e-09	-0.0010410696268081665	0.0001261946017621085	0.9926263093948364	0.12121520191431046
0.5785297751426697	-0.9999999403953552	0.004118427634239197	0.86767578125	0.395674467086792	0.5	12	0.5	9	0.0	0	0.001033392851240933	-0.12121526151895523	0.9926257133483887	0.9999994039535522	-1.091193468916174e-09	-0.0010410695103928447	0.00012619458721019328	0.9926261901855469	0.12121518701314926
-0.4301578998565674	-0.9999999403953552	0.005168542265892029	0.7353515625	0.395674467086792	0.5	12	0.5	9	0.0	0	0.001033392851240933	-0.12121526151895523	0.9926257133483887	0.9999995231628418	-1.091193246871569e-09	-0.0010410696268081665	0.0001261946017621085	0.9926263093948364	0.12121520191431046
-0.4290604293346405	1.0778541564941406	-1.5137381553649902	0.9706106185913086	0.6006327867507935	1.0	6	0.0	0	0.0	0	-1.0	0.0	0.0	0.0	0.0	1.0	0.0	1.0	0.0
-0.4290604293346405	0.06001606583595276	-2.2983970642089844	0.86767578125	0.4671083390712738	1.0	7	0.0	0	0.0	0	-1.0	0.0	0.0	0.0	0.0	1.0	0.0	1.0	0.0
-0.4290604293346405	0.06001606583595276	-1.5137381553649902	0.9706108570098877	0.4671083390712738	1.0	7	0.0	0	0.0	0	-1.0	0.0	0.0	0.0	0.0	1.0	0.0	1.0	0.0
0.5796283483505249	1.0815987586975098	-1.0	0.13118435442447662	0.6666262149810791	1.0	5	0.0	0	0.0	0	1.0	0.0	0.0	0.0	-7.725810178271786e-07	-1.0	0.0	1.0	-7.725810178271786e-07
0.5796283483505249	1.51218581199646	-2.0	0.26236870884895325	0.7231125831604004	1.0	6	0.0	0	0.0	0	1.0	0.0	0.0	0.0	-7.725810746705974e-07	-1.0	0.0	1.0	-7.725810746705974e-07
0.5796283483505249	2.0	-0.8280850648880005	0.10863180458545685	0.7871060371398926	0.5	5	0.5	1	0.0	0	1.0	0.0	0.0	0.0	-7.725809609837597e-07	-1.0	0.0	1.0	-7.725809609837597e-07
-0.4290604293346405	1.0778541564941406	-2.2983970642089844	0.8676757216453552	0.5567294359207153	1.0	6	0.0	0	0.0	0	0.0	0.0	-1.0	-1.0	-1.1141622735522105e-07	0.0	-1.1141622735522105e-07	1.0	0.0
0.5796283483505249	0.06001606583595276	-2.2983970642089844	0.7353515625	0.42490044236183167	1.0	7	0.0	0	0.0	0	0.0	0.0	-1.0	-1.0	-1.1270455502199184e-07	0.0	-1.1270455502199184e-07	1.0	0.0
-0.4290604293346405	0.06001606583595276	-2.2983970642089844	0.86767578125	0.42490047216415405	1.0	7	0.0	0	0.0	0	0.0	0.0	-1.0	-1.0	-2.2412075395550346e-07	0.0	-2.2412075395550346e-07	1.0	0.0
-0.4301578998565674	2.0	0.005168542265892029	0.60302734375	0.7871060371398926	1.0	1	0.0	0	0.0	0	-0.9999990463256836	0.00024654509616084397	-0.0013170893071219325	-0.0013170893071219325	-2.870143020277348e-14	0.9999991059303284	0.00024654489243403077	1.0	3.247219808599766e-07
-0.4290604293346405	2.0	-0.8280850648880005	0.49439549446105957	0.7871060371398926	0.5	5	0.5	1	0.0	0	-0.9999990463256836	0.00024654509616084397	-0.0013170893071219325	-0.0013170894235372543	5.421010862427522e-19	0.9999991655349731	0.00024654489243403077	1.0	3.247219524382672e-07
-0.4290604293346405	1.0815987586975098	-1.0	0.47184300422668457	0.6666262149810791	1.0	5	0.0	0	0.0	0	-0.9999990463256836	0.00024654509616084397	-0.0013170893071219325	-0.0013170894235372543	4.336808689942018e-19	0.9999991655349731	0.00024654489243403077	1.0	3.247219524382672e-07
-0.4290604293346405	-1.0	-0.7212347984313965	0.7353515625	0.40187501907348633	1.0	12	0.0	0	0.0	0	0.0	-0.13273383677005768	-0.9911516904830933	-1.0	0.0	0.0	0.0	0.9911516904830933	-0.13273383677005768
0.5796283483505249	1.0815987586975098	-1.0	0.6030274033546448	0.6656713485717773	1.0	5	0.0	0	0.0	0	0.0	-0.13273383677005768	-0.9911516904830933	-1.0	0.0	0.0	0.0	0.991151750087738	-0.13273383677005768
0.5796283483505249	-1.0	-0.7212347984313965	0.6030274033546448	0.40187501907348633	1.0	12	0.0	0	0.0	0	0.0	-0.13273383677005768	-0.9911516904830933	-1.0	0.0	0.0	0.0	0.9911516904830933	-0.13273383677005768
0.5796283483505249	1.0778541564941406	-1.5137381553649902	0.8676756620407104	0.7820367217063904	1.0	6	0.0	0	0.0	0	0.0	0.0	1.0	1.0	0.0	0.0	0.0	1.0	0.0
-0.4290604293346405	0.06001606583595276	-1.5137381553649902	0.7353515625	0.6487507820129395	1.0	7	0.0	0	0.0	0	0.0	0.0	1.0	1.0	0.0	0.0	0.0	1.0	0.0
0.5796283483505249	0.06001606583595276	-1.5137381553649902	0.8676757216453552	0.6487507820129395	1.0	7	0.0	0	0.0	0	0.0	0.0	1.0	1.0	0.0	0.0	0.0	1.0	0.0
-0.4290604293346405	1.0815987586975098	-1.0	0.6030274629592896	0.8360011577606201	1.0	5	0.0	0	0.0	0	0.0	-0.9999958276748657	0.0028840075246989727	1.0	0.0	0.0	0.0	0.0028840075246989727	0.9999958276748657
0.5796283483505249	1.0778541564941406	-2.2983970642089844	0.7353516817092896	0.6656713485717773	1.0	6	0.0	0	0.0	0	0.0	-0.9999958276748657	0.0028840075246989727	1.0	0.0	0.0	0.0	0.0028840075246989727	0.9999958276748657
0.5796283483505249	1.0815987586975098	-1.0	0.7353516221046448	0.8360011577606201	1.0	5	0.0	0	0.0	0	0.0	-0.9999958276748657	0.0028840075246989727	1.0	0.0	0.0	0.0	0.0028840075246989727	0.9999958276748657
0.5796283483505249	1.0778541564941406	-1.5137381553649902	0.86767578125	0.7329570055007935	1.0	6	0.0	0	0.0	0	0.0	1.0	0.0	0.0	0.0	-1.0	-1.0	0.0	0.0
-0.4290604293346405	1.0778541564941406	-2.2983970642089844	0.9697326421737671	0.8652811646461487	1.0	6	0.0	0	0.0	0	0.0	1.0	0.0	0.0	0.0	-1.0	-1.0	0.0	0.0
-0.4290604293346405	1.0778541564941406	-1.5137381553649902	0.86767578125	0.8652811646461487	1.0	6	0.0	0	0.0	0	0.0	1.0	0.0	0.0	0.0	-1.0	-1.0	0.0	0.0
-0.4301578998565674	2.0	0.005168542265892029	0.60302734375	0.7871060371398926	1.0	1	0.0	0	0.0	0	-0.9999991655349731	0.0003180534113198519	-0.0013170894235372543	-0.0013170895399525762	8.673617379884035e-19	0.9999991655349731	0.0003180531202815473	0.9999999403953552	4.189047899672005e-07
-0.4290604293346405	2.5	-0.7073440551757812	0.5102348327636719	0.8526983261108398	1.0	0	0.0	0	0.0	0	-0.9999991655349731	0.0003180534113198519	-0.0013170894235372543	-0.0013170894235372543	0.0	0.9999991059303284	0.0003180531202815473	1.0	4.189047899672005e-07
-0.4290604293346405	2.0	-0.8280850648880005	0.49439549446105957	0.7871060371398926	0.5	5	0.5	1	0.0	0	-0.9999991655349731	0.0003180534113198519	-0.0013170894235372543	-0.0013170894235372543	-3.702680523298696e-14	0.9999991059303284	0.0003180531202815473	1.0	4.189048183889099e-07
0.5785297751426697	2.0	0.004118427634239197	1.404944782734674e-08	0.7871060371398926	1.0	1	0.0	0	0.0	0	0.9999988079071045	0.0	0.0015441037248820066	0.0015441038412973285	0.0	-0.9999988675117493	0.0	1.0	0.0
0.5796283483505249	2.5	-0.7073440551757812	0.09279247373342514	0.8526983261108398	1.0	0	0.0	0	0.0	0	0.9999988079071045	0.0	0.0015441037248820066	0.0015441037248820066	0.0	-0.9999988079071045	0.0	1.0	0.0
-0.4290604293346405	2.0	-0.8280850648880005	0.7353516817092896	0.8360011577606201	0.5	5	0.5	1	0.0	0	0.0	0.2347348928451538	-0.9720594882965088	-1.0	0.0	0.0	0.0	0.9720594882965088	0.2347348928451538
0.5796283483505249	2.5	-0.7073440551757812	0.6030274629592896	0.9032765626907349	1.0	0	0.0	0	0.0	0	0.0	0.2347348928451538	-0.9720594882965088	-1.0	0.0	0.0	0.0	0.972059428691864	0.23473487794399261
0.5796283483505249	2.0	-0.8280850648880005	0.6030274629592896	0.8360011577606201	0.5	5	0.5	1	0.0	0	0.0	0.2347348928451538	-0.9720594882965088	-1.0	0.0	0.0	0.0	0.9720594882965088	0.2347348928451538
0.5796283483505249	-4.0	-0.3603777587413788	0.86767578125	0.0	1.0	14	0.0	0	0.0	0	0.0	-0.1192684918642044	0.9928620457649231	1.0	0.0	0.0	0.0	0.9928620457649231	0.1192684918642044
-0.4290604293346405	-3.59684681892395	-0.31194859743118286	0.7353516221046448	0.05317258834838867	0.5	14	0.5	13	0.0	0	0.0	-0.1192684918642044	0.9928620457649231	1.0	0.0	0.0	0.0	0.9928620457649231	0.1192684918642044
-0.4290604293346405	-4.0	-0.3603777587413788	0.7353516221046448	0.0	1.0	14	0.0	0	0.0	0	0.0	-0.1192684918642044	0.9928620457649231	1.0	0.0	0.0	0.0	0.9928620457649231	0.1192684918642044
0.5796283483505249	-1.0	-0.7212347984313965	0.6030274033546448	0.40187501907348633	1.0	12	0.0	0	0.0	0	0.0	0.20837120711803436	-0.9780497550964355	-1.0	0.0	0.0	0.0	0.9780497550964355	0.20837120711803436
-0.4290604293346405	-3.59684681892395	-1.2744868993759155	0.7353516221046448	0.05400562286376953	0.5	14	0.5	13	0.0	0	0.0	0.20837120711803436	-0.9780497550964355	-1.0	0.0	0.0	0.0	0.9780497550964355	0.20837120711803436
-0.4290604293346405	-1.0	-0.7212347984313965	0.7353515625	0.40187501907348633	1.0	12	0.0	0	0.0	0	0.0	0.20837120711803436	-0.9780497550964355	-1.0	0.0	0.0	0.0	0.9780497550964355	0.20837120711803436
-0.4290604293346405	-1.0	-0.7212347984313965	0.5084125995635986	0.3935530185699463	1.0	12	0.0	0	0.0	0	-0.9999988675117493	-0.00023811966821085662	-0.0015108261723071337	-0.0015108260558918118	8.205442014741493e-08	0.9999988079071045	-0.000238119246205315	1.0	-4.418117214299855e-07
-0.4290604293346405	-3.59684681892395	-0.31194859743118286	0.5621047019958496	0.0528874397277832	0.5	14	0.5	13	0.0	0	-0.9999988675117493	-0.00023811966821085662	-0.0015108261723071337	-0.0015108264051377773	8.205437040942343e-08	0.999998927116394	-0.00023811927530914545	1.0	-4.418117498516949e-07
-0.4301578998565674	-0.9999999403953552	0.005168542265892029	0.60302734375	0.3935530185699463	0.5	12	0.5	9	0.0	0	-0.9999988675117493	-0.00023811966821085662	-0.0015108261723071337	-0.0015108264051377773	8.205437040942343e-08	0.999998927116394	-0.00023811927530914545	1.0	-4.418117498516949e-07
0.5796283483505249	-1.0	-0.7212347984313965	0.09461475908756256	0.3935530185699463	1.0	12	0.0	0	0.0	0	1.0	0.0	0.0	0.0	0.0	-1.0	0.0	1.0	0.0
0.5796283483505249	-3.59684681892395	-0.31194859743118286	0.040922850370407104	0.0528874397277832	0.5	14	0.5	13	0.0	0	1.0	0.0	0.0	0.0	0.0	-1.0	0.0	1.0	0.0
-0.4290604293346405	-0.16563522815704346	-1.5137381553649902	0.7353515625	0.6192017793655396	1.0	7	0.0	0	0.0	0	0.0	0.0	1.0	1.0	0.0	0.0	0.0	1.0	0.0
0.5796283483505249	-0.16563522815704346	-1.5137381553649902	0.8676757216453552	0.6192017793655396	1.0	7	0.0	0	0.0	0	0.0	0.0	1.0	1.0	0.0	0.0	0.0	1.0	0.0
-0.4290604293346405	0.06001606583595276	-2.2983970642089844	0.86767578125	0.42490047216415405	1.0	7	0.0	0	0.0	0	0.0	0.0	-1.0	-1.0	-3.196165820895658e-08	0.0	-3.196165820895658e-08	1.0	0.0
0.5796283483505249	-0.16563522815704346	-2.2983970642089844	0.7353515625	0.3956744074821472	1.0	7	0.0	0	0.0	0	0.0	0.0	-1.0	-1.0	-1.9615701774000627e-07	0.0	-1.9615703195086098e-07	1.0	0.0
-0.4290604293346405	-0.16563522815704346	-2.2983970642089844	0.86767578125	0.3956744074821472	1.0	7	0.0	0	0.0	0	0.0	0.0	-1.0	-1.0	0.0	0.0	0.0	1.0	0.0
-0.4290604293346405	-0.16563522815704346	-2.2983970642089844	0.86767578125	0.43750643730163574	1.0	7	0.0	0	0.0	0	-1.0	0.0	0.0	0.0	0.0	1.0	0.0	1.0	0.0
-0.4290604293346405	-0.16563522815704346	-1.5137381553649902	0.9706108570098877	0.43750643730163574	1.0	7	0.0	0	0.0	0	-1.0	0.0	0.0	0.0	0.0	1.0	0.0	1.0	0.0
0.5796283483505249	1.0778541564941406	-2.2983970642089844	0.9706107378005981	0.43750643730163574	1.0	6	0.0	0	0.0	0	1.0	0.0	0.0	0.0	0.0	-1.0	0.0	1.0	0.0
0.5796283483505249	1.0778541564941406	-1.5137381553649902	0.86767578125	0.43750643730163574	1.0	6	0.0	0	0.0	0	1.0	0.0	0.0	0.0	0.0	-1.0	0.0	1.0	0.0
0.5789040327072144	2.5	0.7155795097351074	0.7353516221046448	0.9032765626907349	1.0	0	0.0	0	0.0	0	0.001839140197262168	-0.46883633732795715	0.883283257484436	0.9999978542327881	8.735518086666616e-09	-0.0020821543876081705	0.0009761818801052868	0.8832851648330688	0.46883532404899597
-0.4289811849594116	3.2250466346740723	1.1025242805480957	0.6030274629592896	0.9891637563705444	1.0	0	0.0	0	0.0	0	0.001839140197262168	-0.46883633732795715	0.883283257484436	0.9999978542327881	8.735518086666616e-09	-0.0020821543876081705	0.0009761818801052868	0.8832851648330688	0.46883532404899597
-0.429782509803772	2.5	0.7176797389984131	0.6030274629592896	0.9032765626907349	1.0	0	0.0	0	0.0	0	0.001839140197262168	-0.46883633732795715	0.883283257484436	0.9999978542327881	8.735518086666616e-09	-0.0020821543876081705	0.0009761818801052868	0.8832851648330688	0.46883532404899597
-0.4291731119155884	1.0815987586975098	1.0103349685668945	0.13118435442447662	0.6666262149810791	1.0	2	0.0	0	0.0	0	-0.999999463558197	0.0	0.0009797257371246815	0.0009797258535400033	-3.0134825124150666e-07	0.9999995231628418	2.952386668475526e-10	1.0	3.0134813755466894e-07
-0.4301578998565674	2.0	0.005168542265892029	1.404944782734674e-08	0.7871060371398926	1.0	1	0.0	0	0.0	0	-0.999999463558197	0.0	0.0009797257371246815	0.0009797258535400033	-3.0134825124150666e-07	0.9999995231628418	2.95238639091977e-10	1.0	3.013481091329595e-07
-0.4301578998565674	-0.9999999403953552	0.005168542265892029	4.8454950274390285e-08	0.3935530185699463	0.5	12	0.5	9	0.0	0	-0.999999463558197	0.0	0.0009797257371246815	0.0009797258535400033	-3.0134822281979723e-07	0.9999995231628418	2.952386113364014e-10	1.0	3.013480807112501e-07
-0.42860162258148193	-3.596846580505371	1.2848212718963623	0.16719280183315277	0.0528874397277832	0.5	11	0.5	10	0.0	0	-0.9999978542327881	5.082214471485713e-08	0.0020821094512939453	0.0020821094512939453	4.0342595226849286e-18	0.9999979138374329	5.082203102801941e-08	1.0	-1.0581726467284724e-10
-0.4305049180984497	-3.999999523162842	0.3707141578197479	0.047276001423597336	0.0	1.0	11	0.0	0	0.0	0	-0.9999978542327881	5.082214471485713e-08	0.0020821094512939453	0.0020821094512939453	-7.798658815149945e-18	0.9999978542327881	5.082203458073309e-08	1.0	-1.0581725773395334e-10
-0.42842280864715576	-3.999999523162842	1.3707120418548584	0.17846034467220306	0.0	1.0	11	0.0	0	0.0	0	-0.9999978542327881	5.082214471485713e-08	0.0020821094512939453	0.0020821094512939453	-7.798711754709148e-18	0.9999978542327881	5.082203458073309e-08	1.0	-1.0581725773395334e-10
0.5805830955505371	-0.16563516855239868	1.5219717025756836	0.86767578125	0.6006327271461487	1.0	4	0.0	0	0.0	0	0.0	-1.0	0.0	0.002082129707559943	0.0	0.9999979138374329	-0.9999979138374329	0.0	0.002082129707559943
-0.42646968364715576	-0.16563516855239868	2.3087291717529297	0.9706107378005981	0.7329568862915039	1.0	4	0.0	0	0.0	0	0.0	-1.0	0.0	0.002082129707559943	0.0	0.9999979138374329	-0.9999979138374329	0.0	0.002082129707559943
-0.4281034469604492	-0.16563516855239868	1.5240721702575684	0.86767578125	0.7329568862915039	1.0	4	0.0	0	0.0	0	0.0	-1.0	0.0	0.002082129707559943	0.0	0.9999979138374329	-0.9999979138374329	0.0	0.002082129707559943
-0.429782509803772	2.5	0.7176797389984131	0.09279247373342514	0.8526983261108398	1.0	0	0.0	0	0.0	0	-0.9999998211860657	0.0	0.0005268548848107457	0.0005268549430184066	0.0	0.9999999403953552	0.0	1.0	0.0
-0.4301578998565674	3.2250466346740723	0.005168542265892029	0.0	0.9478130340576172	1.0	0	0.0	0	0.0	0	-0.9999998211860657	0.0	0.0005268548848107457	0.0005268549430184066	0.0	0.9999999403953552	0.0	1.0	0.0
-0.4301578998565674	2.5	0.005168542265892029	8.315197419506148e-09	0.8526983261108398	1.0	0	0.0	0	0.0	0	-0.9999998211860657	0.0	0.0005268548848107457	0.0005268549430184066	0.0	0.9999999403953552	0.0	1.0	0.0
0.5815956592559814	1.51218581199646	2.008232593536377	0.8676757216453552	0.6192017793655396	1.0	3	0.0	0	0.0	0	0.001715953811071813	0.566263735294342	0.8242224454879761	0.9999978542327881	2.3491359968375036e-09	-0.002081903163343668	-0.0011789081618189812	0.8242241144180298	-0.5662624835968018
-0.42646968364715576	1.0778541564941406	2.3087291717529297	0.7353515625	0.5567294359207153	1.0	3	0.0	0	0.0	0	0.001715953811071813	0.566263735294342	0.8242224454879761	0.9999979138374329	2.4809791998592345e-09	-0.0020819033961743116	-0.0011789083946496248	0.8242242336273193	-0.5662624835968018
0.5822169780731201	1.0778541564941406	2.306629180908203	0.8676757216453552	0.5567294359207153	1.0	3	0.0	0	0.0	0	0.001715953811071813	0.566263735294342	0.8242224454879761	0.9999978542327881	2.415056599147647e-09	-0.0020819033961743116	-0.001178908278234303	0.8242241144180298	-0.5662624835968018
-0.4295310974121094	2.0	0.8384206295013428	0.7353515028953552	0.942803144454956	0.5	2	0.5	1	0.0	0	0.0008002570830285549	0.9232122302055359	0.3842898905277252	0.9999979138374329	-1.8474965557402356e-08	-0.002082382095977664	-0.0019224733114242554	0.3842907249927521	-0.9232102036476135
0.5815956592559814	1.51218581199646	2.008232593536377	0.8676756620407104	0.7820367813110352	1.0	3	0.0	0	0.0	0	0.0008002570830285549	0.9232122302055359	0.3842898905277252	0.9999979138374329	-1.836747465233657e-08	-0.0020823823288083076	-0.001922473544254899	0.3842907249927521	-0.9232102036476135
0.579155445098877	2.0	0.836320161819458	0.8676756620407104	0.942803144454956	0.5	2	0.5	1	0.0	0	0.0008002570830285549	0.9232122302055359	0.3842898905277252	0.9999979138374329	-1.8474965557402356e-08	-0.002082382095977664	-0.0019224733114242554	0.3842907249927521	-0.9232102036476135
-0.4281034469604492	-0.16563516855239868	1.5240721702575684	0.86767578125	0.274380087852478	1.0	4	0.0	0	0.0	0	-0.9999978542327881	0.0	0.0020821322686970234	0.0020821322686970234	0.0	0.9999979138374329	0.0	1.0	0.0
-0.42646968364715576	0.06001611053943634	2.3087291717529297	0.9706107378005981	0.3039820194244385	1.0	4	0.0	0	0.0	0	-0.9999978542327881	0.0	0.0020821322686970234	0.0020821322686970234	0.0	0.9999979138374329	0.0	1.0	0.0
-0.4281034469604492	0.06001611053943634	1.5240721702575684	0.86767578125	0.3039820194244385	1.0	4	0.0	0	0.0	0	-0.9999978542327881	0.0	0.0020821322686970234	0.0020821322686970234	0.0	0.9999978542327881	0.0	1.0	0.0
0.579513430595398	1.0815987586975098	1.0082347393035889	0.47184300422668457	0.6666262149810791	1.0	2	0.0	0	0.0	0	0.9999979138374329	-2.213228356140462e-08	-0.00208221934735775	-0.00208221934735775	-8.679966185809462e-07	-0.9999979138374329	2.0324876004451653e-08	1.0	-8.680407859174011e-07
0.5815956592559814	1.51218581199646	2.008232593536377	0.34065866470336914	0.7231123447418213	1.0	3	0.0	0	0.0	0	0.9999979138374329	-2.213228356140462e-08	-0.00208221934735775	-0.00208221934735775	-8.679966185809462e-07	-0.9999979138374329	2.0324876004451653e-08	1.0	-8.680407859174011e-07
0.5822169780731201	1.0778541564941406	2.306629180908203	0.301513671875	0.6661348342895508	1.0	3	0.0	0	0.0	0	0.9999979138374329	-2.213228356140462e-08	-0.00208221934735775	-0.00208221934735775	-8.679965617375274e-07	-0.9999978542327881	2.0324874228094814e-08	1.0	-8.680407290739822e-07
-0.42842280864715576	-3.999999523162842	1.3707120418548584	0.9988601207733154	0.274380087852478	1.0	11	0.0	0	0.0	0	0.0	-1.0	0.0	0.002082289895042777	0.0	0.9999977946281433	-0.9999977946281433	0.0	0.002082289895042777
0.5781816244125366	-3.999999523162842	0.36861392855644226	0.86767578125	0.14205589890480042	1.0	11	0.0	0	0.0	0	0.0	-1.0	0.0	0.0020822901278734207	0.0	0.9999977946281433	-0.9999977946281433	0.0	0.0020822901278734207
0.5802638530731201	-3.999999523162842	1.3686118125915527	0.9988601207733154	0.14205589890480042	1.0	11	0.0	0	0.0	0	0.0	-1.0	0.0	0.0020822901278734207	0.0	0.9999979138374329	-0.9999979138374329	0.0	0.0020822901278734207
0.580085039138794	-3.596846580505371	1.2827208042144775	0.4358346462249756	0.0528874397277832	0.5	11	0.5	10	0.0	0	0.9999978542327881	1.983754849277375e-08	-0.0020822715014219284	-0.0020822715014219284	1.4406444313971078e-18	-0.9999979138374329	-1.9837504083852764e-08	1.0	4.1307155612679836e-11
0.5781816244125366	-3.999999523162842	0.36861392855644226	0.5557515621185303	0.0	1.0	11	0.0	0	0.0	0	0.9999978542327881	1.983754849277375e-08	-0.0020822715014219284	-0.0020822715014219284	-3.17814702743694e-18	-0.9999978542327881	-1.9837505860209603e-08	1.0	4.130715908212679e-11
0.5780807733535767	-3.596846580505371	0.3201846778392792	0.5621047019958496	0.0528874397277832	0.5	11	0.5	10	0.0	0	0.9999978542327881	1.983754849277375e-08	-0.0020822715014219284	-0.0020822715014219284	-3.17814702743694e-18	-0.9999978542327881	-1.9837505860209603e-08	1.0	4.130715908212679e-11
-0.42860162258148193	-3.596846580505371	1.2848212718963623	0.6030274629592896	0.05400562286376953	0.5	11	0.5	10	0.0	0	0.002036667661741376	0.20837216079235077	0.9780474901199341	0.9999979138374329	-5.1900533870608e-10	-0.00208237674087286	-0.0004339088627602905	0.9780496954917908	-0.20837172865867615
0.5802638530731201	-3.999999523162842	1.3686118125915527	0.7353516221046448	0.0	1.0	11	0.0	0	0.0	0	0.002036667661741376	0.20837216079235077	0.9780474901199341	0.9999978542327881	-5.675175884789496e-10	-0.0020823765080422163	-0.0004339087463449687	0.978049635887146	-0.20837171375751495
0.580085039138794	-3.596846580505371	1.2827208042144775	0.7353516221046448	0.05400562286376953	0.5	11	0.5	10	0.0	0	0.002036667661741376	0.20837216079235077	0.9780474901199341	0.9999978542327881	-5.1900173048125e-10	-0.0020823765080422163	-0.0004339088045526296	0.978049635887146	-0.20837171375751495
0.5797053575515747	3.2250466346740723	1.10042405128479	1.0	0.0	1.0	0	0.0	0	0.0	0	0.0	1.0	0.0	0.9999978542327881	0.0	-0.0020821380894631147	-0.0020821380894631147	0.0	-0.9999978542327881
-0.4301578998565674	3.2250466346740723	0.005168542265892029	0.8676758408546448	0.14205586910247803	1.0	0	0.0	0	0.0	0	0.0	1.0	0.0	0.9999978542327881	0.0	-0.002082137856632471	-0.002082137856632471	0.0	-0.9999978542327881
-0.4289811849594116	3.2250466346740723	1.1025242805480957	0.8676758408546448	0.0	1.0	0	0.0	0	0.0	0	0.0	1.0	0.0	0.9999979138374329	0.0	-0.0020821380894631147	-0.0020821380894631147	0.0	-0.9999979138374329
0.5789040327072144	2.5	0.7155795097351074	0.5102348327636719	0.8526983261108398	1.0	0	0.0	0	0.0	0	0.9999992251396179	-0.0005360356299206614	-0.0010723118903115392	-0.0010723121231421828	-6.240103919696871e-14	-0.999999463558197	0.0005360353388823569	0.9999998211860657	-5.747975819758722e-07
0.5785297751426697	3.2250466346740723	0.004118427634239197	0.60302734375	0.9478130340576172	1.0	0	0.0	0	0.0	0	0.9999992251396179	-0.0005360356299206614	-0.0010723118903115392	-0.0010723121231421828	1.734723475976807e-18	-0.999999463558197	0.0005360353388823569	0.9999998211860657	-5.747975251324533e-07
0.5797053575515747	3.2250466346740723	1.10042405128479	0.4597492218017578	0.9478130340576172	1.0	0	0.0	0	0.0	0	0.9999992251396179	-0.0005360356299206614	-0.0010723118903115392	-0.0010723121231421828	1.734723475976807e-18	-0.9999994039535522	0.0005360353970900178	0.9999998807907104	-5.747975819758722e-07
0.5780807733535767	-3.596846580505371	0.3201846778392792	0.7353516221046448	0.05317258834838867	0.5	11	0.5	10	0.0	0	-0.0010334431426599622	-0.12081971764564514	-0.9926738739013672	-0.999999463558197	-1.0558182106379377e-09	0.0010410697432234883	-0.00012578279711306095	0.9926744103431702	-0.12081965059041977
-0.4301578998565674	-0.9999999403953552	0.005168542265892029	0.86767578125	0.395674467086792	0.5	12	0.5	9	0.0	0	-0.0010334431426599622	-0.12081971764564514	-0.9926738739013672	-0.999999463558197	-1.0698832930700064e-09	0.0010410697432234883	-0.00012578281166497618	0.9926744103431702	-0.12081965059041977
0.5785297751426697	-0.9999999403953552	0.004118427634239197	0.7353515625	0.395674467086792	0.5	12	0.5	9	0.0	0	-0.0010334431426599622	-0.12081971764564514	-0.9926738739013672	-0.999999463558197	-1.0558182106379377e-09	0.0010410697432234883	-0.00012578279711306095	0.9926744103431702	-0.12081965059041977
0.5805830955505371	1.0778541564941406	1.5219717025756836	0.9706106185913086	0.6006327867507935	1.0	3	0.0	0	0.0	0	0.9999978542327881	0.0	-0.002082283142954111	-0.002082283142954111	0.0	-0.9999979138374329	0.0	1.0	0.0
0.5822169780731201	0.06001611053943634	2.306629180908203	0.86767578125	0.4671083390712738	1.0	4	0.0	0	0.0	0	0.9999978542327881	0.0	-0.002082283142954111	-0.002082283142954111	0.0	-0.9999979138374329	0.0	1.0	0.0
0.5805830955505371	0.06001611053943634	1.5219717025756836	0.9706108570098877	0.4671083390712738	1.0	4	0.0	0	0.0	0	0.9999978542327881	0.0	-0.002082283142954111	-0.002082283142954111	0.0	-0.9999979138374329	0.0	1.0	0.0
-0.4291731119155884	1.0815987586975098	1.0103349685668945	0.13118435442447662	0.6666262149810791	1.0	2	0.0	0	0.0	0	-0.9999978542327881	-4.058712477217341e-08	0.0020821269135922194	0.0020821269135922194	-7.72581245200854e-07	0.9999979138374329	-3.8978424043989435e-08	1.0	7.726640092187154e-07
-0.42709100246429443	1.51218581199646	2.0103328227996826	0.26236870884895325	0.7231125831604004	1.0	3	0.0	0	0.0	0	-0.9999978542327881	-4.058712477217341e-08	0.0020821269135922194	0.0020821269135922194	-7.725811883574352e-07	0.9999978542327881	-3.8978424043989435e-08	1.0	7.726640660621342e-07
-0.4295310974121094	2.0	0.8384206295013428	0.10863180458545685	0.7871060371398926	0.5	2	0.5	1	0.0	0	-0.9999978542327881	-4.058712477217341e-08	0.0020821269135922194	0.0020821269135922194	-7.725811883574352e-07	0.9999978542327881	-3.8978424043989435e-08	1.0	7.726640660621342e-07
0.5822169780731201	1.0778541564941406	2.306629180908203	0.8676757216453552	0.5567294359207153	1.0	3	0.0	0	0.0	0	0.0020819015335291624	0.0	0.9999977946281433	0.9999979138374329	-1.1141622735522105e-07	-0.002081901766359806	1.1141597866526354e-07	1.0	-2.3195760590066783e-10
-0.42646968364715576	0.06001611053943634	2.3087291717529297	0.7353515625	0.42490044236183167	1.0	4	0.0	0	0.0	0	0.0020819015335291624	0.0	0.9999977946281433	0.9999978542327881	-1.1270453370570976e-07	-0.002081901766359806	1.1270428501575225e-07	1.0	-2.346397520724963e-10
0.5822169780731201	0.06001611053943634	2.306629180908203	0.86767578125	0.42490047216415405	1.0	4	0.0	0	0.0	0	0.0020819015335291624	0.0	0.9999977946281433	0.9999978542327881	-2.2412072553379403e-07	-0.002081901766359806	2.24120228153879e-07	1.0	-4.665972608286495e-10
0.5785297751426697	2.0	0.004118427634239197	0.60302734375	0.7871060371398926	1.0	1	0.0	0	0.0	0	0.9999997019767761	0.0002490586484782398	-0.0007518247002735734	-0.0007518247584812343	-1.448494102440634e-14	-0.9999997615814209	-0.00024905859027057886	1.0	1.8724844608186686e-07
0.579155445098877	2.0	0.836320161819458	0.49439549446105957	0.7871060371398926	0.5	2	0.5	1	0.0	0	0.9999997019767761	0.0002490586484782398	-0.0007518247002735734	-0.0007518247002735734	-1.448494102440634e-14	-0.9999997019767761	-0.0002490585611667484	0.9999999403953552	1.8724843187101214e-07
0.579513430595398	1.0815987586975098	1.0082347393035889	0.47184300422668457	0.6666262149810791	1.0	2	0.0	0	0.0	0	0.9999997019767761	0.0002490586484782398	-0.0007518247002735734	-0.0007518247584812343	-1.448494102440634e-14	-0.9999997615814209	-0.00024905859027057886	1.0	1.8724844608186686e-07
0.5789330005645752	-0.9999998807907104	0.7294700145721436	0.7353515625	0.40187501907348633	1.0	9	0.0	0	0.0	0	0.0020639339927583933	-0.1327337920665741	0.9911496043205261	0.9999978542327881	-2.0109700571424582e-09	-0.0020823597442358732	0.0002764014934655279	0.991151750087738	0.1327335089445114
-0.4291731119155884	1.0815987586975098	1.0103349685668945	0.6030274033546448	0.6656713485717773	1.0	2	0.0	0	0.0	0	0.0020639339927583933	-0.1327337920665741	0.9911496043205261	0.9999977946281433	-1.949160832737107e-09	-0.0020823597442358732	0.000276401435257867	0.9911516904830933	0.13273349404335022
-0.42975354194641113	-0.9999998807907104	0.7315704822540283	0.6030274033546448	0.40187501907348633	1.0	9	0.0	0	0.0	0	0.0020639339927583933	-0.1327337920665741	0.9911496043205261	0.9999978542327881	-1.9800654449397825e-09	-0.0020823597442358732	0.00027640146436169744	0.991151750087738	0.1327335089445114
-0.4281034469604492	1.0778541564941406	1.5240721702575684	0.8676756620407104	0.7820367217063904	1.0	3	0.0	0	0.0	0	-0.002082374645397067	0.0	-0.9999979138374329	-0.9999978542327881	0.0	0.002082374645397067	0.0	1.0	0.0
0.5805830955505371	0.06001611053943634	1.5219717025756836	0.7353515625	0.6487507820129395	1.0	4	0.0	0	0.0	0	-0.002082374645397067	0.0	-0.9999979138374329	-0.9999978542327881	0.0	0.002082374645397067	0.0	1.0	0.0
-0.4281034469604492	0.06001611053943634	1.5240721702575684	0.8676757216453552	0.6487507820129395	1.0	4	0.0	0	0.0	0	-0.002082374645397067	0.0	-0.9999979138374329	-0.9999979138374329	0.0	0.002082374645397067	0.0	1.0	0.0
0.579513430595398	1.0815987586975098	1.0082347393035889	0.6030274629592896	0.8360011577606201	1.0	2	0.0	0	0.0	0	-6.004924671287881e-06	-0.9999958276748657	-0.0028840010054409504	-0.9999978542327881	2.3667734438959087e-11	0.0020821380894631147	-0.0020821294747292995	0.002884007291868329	-0.9999936819076538
-0.42646968364715576	1.0778541564941406	2.3087291717529297	0.7353516817092896	0.6656713485717773	1.0	3	0.0	0	0.0	0	-6.004924671287881e-06	-0.9999958276748657	-0.0028840010054409504	-0.9999978542327881	2.3667734438959087e-11	0.0020821380894631147	-0.0020821294747292995	0.002884007291868329	-0.9999936819076538
-0.4291731119155884	1.0815987586975098	1.0103349685668945	0.7353516221046448	0.8360011577606201	1.0	2	0.0	0	0.0	0	-6.004924671287881e-06	-0.9999958276748657	-0.0028840010054409504	-0.9999979138374329	2.366773790840604e-11	0.0020821380894631147	-0.0020821294747292995	0.0028840075246989727	-0.9999937415122986
-0.4281034469604492	1.0778541564941406	1.5240721702575684	0.86767578125	0.7329570055007935	1.0	3	0.0	0	0.0	0	0.0	1.0	0.0	0.0020822719670832157	0.0	0.9999979138374329	0.9999979138374329	0.0	-0.0020822719670832157
0.5822169780731201	1.0778541564941406	2.306629180908203	0.9697326421737671	0.8652811646461487	1.0	3	0.0	0	0.0	0	0.0	1.0	0.0	0.002082271734252572	0.0	0.9999978542327881	0.9999978542327881	0.0	-0.002082271734252572
0.5805830955505371	1.0778541564941406	1.5219717025756836	0.86767578125	0.8652811646461487	1.0	3	0.0	0	0.0	0	0.0	1.0	0.0	0.002082271734252572	0.0	0.9999978542327881	0.9999978542327881	0.0	-0.002082271734252572
0.5785297751426697	2.0	0.004118427634239197	0.60302734375	0.7871060371398926	1.0	1	0.0	0	0.0	0	0.9999996423721313	0.00032127302256412804	-0.0007518245838582516	-0.0007518246420659125	-1.8691645453650096e-14	-0.9999997019767761	-0.00032127296435646713	1.0	2.415409880995867e-07
0.5789040327072144	2.5	0.7155795097351074	0.5102348327636719	0.8526983261108398	1.0	0	0.0	0	0.0	0	0.9999996423721313	0.00032127302256412804	-0.0007518245838582516	-0.0007518246420659125	6.938893903907228e-18	-0.9999997019767761	-0.00032127296435646713	1.0	2.415410165212961e-07
0.579155445098877	2.0	0.836320161819458	0.49439549446105957	0.7871060371398926	0.5	2	0.5	1	0.0	0	0.9999996423721313	0.00032127302256412804	-0.0007518245838582516	-0.0007518247002735734	1.870552324145791e-14	-0.9999997615814209	-0.00032127293525263667	0.9999999403953552	2.415410165212961e-07
-0.4301578998565674	2.0	0.005168542265892029	1.404944782734674e-08	0.7871060371398926	1.0	1	0.0	0	0.0	0	-0.9999998807907104	0.0	0.0005268548848107457	0.0005268548848107457	0.0	0.9999998807907104	0.0	1.0	0.0
-0.429782509803772	2.5	0.7176797389984131	0.09279247373342514	0.8526983261108398	1.0	0	0.0	0	0.0	0	-0.9999998807907104	0.0	0.0005268548848107457	0.0005268548848107457	0.0	0.9999998807907104	0.0	1.0	0.0
-0.4301578998565674	2.5	0.005168542265892029	8.315197419506148e-09	0.8526983261108398	1.0	0	0.0	0	0.0	0	-0.9999998807907104	0.0	0.0005268548848107457	0.0005268548848107457	0.0	0.9999999403953552	0.0	1.0	0.0
0.579155445098877	2.0	0.836320161819458	0.7353516817092896	0.8360011577606201	0.5	2	0.5	1	0.0	0	0.0020241914317011833	0.2347351312637329	0.9720572233200073	0.9999979138374329	-5.164211419605991e-11	-0.002082374645397067	-0.0004888063995167613	0.9720593094825745	-0.23473460972309113
-0.429782509803772	2.5	0.7176797389984131	0.6030274629592896	0.9032765626907349	1.0	0	0.0	0	0.0	0	0.0020241914317011833	0.2347351312637329	0.9720572233200073	0.9999979138374329	-1.0629565283526432e-10	-0.002082374645397067	-0.0004888063413091004	0.9720593094825745	-0.23473460972309113
-0.4295310974121094	2.0	0.8384206295013428	0.6030274629592896	0.8360011577606201	0.5	2	0.5	1	0.0	0	0.0020241914317011833	0.2347351312637329	0.9720572233200073	0.9999979138374329	-1.0629565283526432e-10	-0.002082374645397067	-0.0004888063413091004	0.9720593094825745	-0.23473460972309113
-0.4305049180984497	-3.999999523162842	0.3707141578197479	0.86767578125	0.0	1.0	11	0.0	0	0.0	0	-0.0020672762766480446	-0.11926905065774918	-0.9928598999977112	-0.9999978542327881	5.4748941491489234e-11	0.002082138555124402	-0.0002483346324879676	0.9928620457649231	-0.11926879733800888
