383	140	15
-0.4290604293346405	2.5	-0.7073440551757812	0.825278103351593	0.8142898082733154	1.0	0	0.0	0	0.0	0	0.0	-0.46883654594421387	-0.8832849860191345	-1.0	0.0	0.0	0.0	0.8832849860191345	-0.46883654594421387
0.5796283483505249	3.225046396255493	-1.0921895503997803	0.7336033582687378	0.8808870315551758	1.0	0	0.0	0	0.0	0	0.0	-0.46883654594421387	-0.8832849860191345	-1.0	0.0	0.0	0.0	0.8832849860191345	-0.46883654594421387
0.5796283483505249	2.5	-0.7073440551757812	0.7336275577545166	0.8142898082733154	1.0	0	0.0	0	0.0	0	0.0	-0.46883654594421387	-0.8832849860191345	-1.0	0.0	0.0	0.0	0.8832849860191345	-0.46883654594421387
0.5796283483505249	1.0815987586975098	-1.0	0.719052791595459	0.4617278575897217	1.0	5	0.0	0	0.0	0	0.9999994039535522	0.0	0.0010940666543319821	0.0010940666543319821	5.444221073958033e-07	-0.9999994039535522	-5.956340975998842e-10	1.0	5.444217663352902e-07
0.5785297751426697	2.0	0.004118427634239197	0.6278173923492432	0.5451748371124268	1.0	1	0.0	0	0.0	0	0.9999994039535522	0.0	0.0010940666543319821	0.0010940666543319821	5.444220505523845e-07	-0.9999993443489075	-5.956340420887329e-10	1.0	5.444217094918713e-07
0.5785297751426697	-0.9999999403953552	0.004118427634239197	0.6278176307678223	0.27259159088134766	0.5	12	0.5	9	0.0	0	0.9999994039535522	0.0	0.0010940666543319821	0.0010940666543319821	5.444221073958033e-07	-0.9999994039535522	-5.956340975998842e-10	1.0	5.444217663352902e-07
0.5796283483505249	-3.59684681892395	-1.2744868993759155	0.7439932823181152	0.03663921356201172	0.5	14	0.5	13	0.0	0	0.9999661445617676	0.008228053338825703	0.0	0.0	0.0	-1.0	-0.008228053338825703	0.9999661445617676	0.0
0.5829463601112366	-4.000089168548584	-0.3450329005718231	0.6595418453216553	0.0	1.0	14	0.0	0	0.0	0	0.9999661445617676	0.008228053338825703	0.0	0.0	0.0	-1.0	-0.008228053338825703	0.9999661445617676	0.0
0.5829463601112366	-4.000089168548584	-1.3450329303741455	0.7504030466079712	0.0	1.0	14	0.0	0	0.0	0	0.9999661445617676	0.008228053338825703	0.0	0.0	0.0	-1.0	-0.008228053338825703	0.9999662041664124	0.0
-0.4290604293346405	-0.16563522815704346	-1.5137381553649902	0.9287050366401672	0.09165054559707642	1.0	7	0.0	0	0.0	0	0.0	-1.0	0.0	0.0	0.0	-1.0	1.0	0.0	0.0
0.5796283483505249	-0.16563522815704346	-2.2983970642089844	1.0	0.18330112099647522	1.0	7	0.0	0	0.0	0	0.0	-1.0	0.0	0.0	0.0	-1.0	1.0	0.0	0.0
0.5796283483505249	-0.16563522815704346	-1.5137381553649902	0.9287050366401672	0.18330112099647522	1.0	7	0.0	0	0.0	0	0.0	-1.0	0.0	0.0	0.0	-1.0	1.0	0.0	0.0
0.5796283483505249	2.5	-0.7073440551757812	0.6924614906311035	0.5906054973602295	1.0	0	0.0	0	0.0	0	0.9999988079071045	0.0	0.0015441037248820066	0.0015441038412973285	0.0	-0.9999988675117493	0.0	1.0	0.0
0.5785297751426697	3.2250466346740723	0.004118427634239197	0.6278173923492432	0.6564841270446777	1.0	0	0.0	0	0.0	0	0.9999988079071045	0.0	0.0015441037248820066	0.0015441038412973285	0.0	-0.9999988675117493	0.0	1.0	0.0
0.5785297751426697	2.5	0.004118427634239197	0.6278173923492432	0.5906054973602295	1.0	0	0.0	0	0.0	0	0.9999988079071045	0.0	0.0015441037248820066	0.0015441038412973285	0.0	-0.9999988675117493	0.0	1.0	0.0
-0.4290604293346405	1.51218581199646	-2.0	0.36698150634765625	0.6564838886260986	1.0	6	0.0	0	0.0	0	0.0	0.5662633776664734	-0.8242243528366089	1.0	1.4525841834256425e-05	9.97962797555374e-06	1.7623649910092354e-05	-0.8242243528366089	-0.5662633776664734
0.5796283483505249	1.0778541564941406	-2.2983970642089844	0.458651602268219	0.6953718662261963	1.0	6	0.0	0	0.0	0	0.0	0.5662633776664734	-0.8242243528366089	1.0	1.4525841834256425e-05	9.97962797555374e-06	1.7623649910092354e-05	-0.8242243528366089	-0.5662633776664734
-0.4290604293346405	1.0778541564941406	-2.2983970642089844	0.3670010566711426	0.6953705549240112	1.0	6	0.0	0	0.0	0	0.0	0.5662633776664734	-0.8242243528366089	1.0	1.4525840924761724e-05	9.979627066059038e-06	1.7623649910092354e-05	-0.8242243528366089	-0.5662633776664734
0.5796283483505249	2.0	-0.8280850648880005	0.5503312945365906	0.8809393644332886	0.5	5	0.5	1	0.0	0	0.0	0.9232122302055359	-0.3842907249927521	-1.0	-5.414182737695228e-07	-1.300692360928224e-06	-1.408877096764627e-06	0.3842907249927521	0.9232122302055359
-0.4290604293346405	1.51218581199646	-2.0	0.6419818997383118	0.7744579315185547	1.0	6	0.0	0	0.0	0	0.0	0.9232122302055359	-0.3842907249927521	-1.0	-5.414183306129416e-07	-1.3006924746150617e-06	-1.4088772104514646e-06	0.3842907249927521	0.9232122302055359
-0.4290604293346405	2.0	-0.8280850648880005	0.641981840133667	0.8809394836425781	0.5	5	0.5	1	0.0	0	0.0	0.9232122302055359	-0.3842907249927521	-1.0	-5.414183306129416e-07	-1.3006924746150617e-06	-1.4088772104514646e-06	0.3842907249927521	0.9232122302055359
0.5796283483505249	-0.16563522815704346	-1.5137381553649902	0.2548549175262451	0.9688828587532043	1.0	7	0.0	0	0.0	0	1.0	0.0	0.0	0.0	0.0	1.0	0.0	-1.0	0.0
0.5796283483505249	0.06001606583595276	-2.2983970642089844	0.18355989456176758	0.9483799338340759	1.0	7	0.0	0	0.0	0	1.0	0.0	0.0	0.0	0.0	1.0	0.0	-1.0	0.0
0.5796283483505249	0.06001606583595276	-1.5137381553649902	0.2548549175262451	0.9483799338340759	1.0	7	0.0	0	0.0	0	1.0	0.0	0.0	0.0	0.0	1.0	0.0	-1.0	0.0
-0.4290604293346405	1.0815987586975098	-1.0	0.11797380447387695	0.4617278575897217	1.0	5	0.0	0	0.0	0	-1.0	0.0	0.0	0.0	2.14843339563231e-06	1.0	0.0	1.0	-2.14843339563231e-06
-0.4290604293346405	1.51218581199646	-2.0	0.027112722396850586	0.5008516311645508	1.0	6	0.0	0	0.0	0	-1.0	0.0	0.0	0.0	2.14843339563231e-06	1.0	0.0	1.0	-2.14843339563231e-06
-0.4290604293346405	1.0778541564941406	-2.2983970642089844	0.0	0.46138787269592285	1.0	6	0.0	0	0.0	0	-1.0	0.0	0.0	0.0	2.14843339563231e-06	1.0	0.0	1.0	-2.14843339563231e-06
0.5829463601112366	-4.000089168548584	-1.3450329303741455	0.3661748766899109	0.9022918939590454	1.0	14	0.0	0	0.0	0	0.0	-1.0	0.0	0.0	0.0	-1.0	1.0	0.0	0.0
-0.4257424473762512	-4.000089168548584	-0.3450329005718231	0.27531376481056213	0.810641348361969	1.0	14	0.0	0	0.0	0	0.0	-1.0	0.0	0.0	0.0	-1.0	1.0	0.0	0.0
-0.4257424473762512	-4.000089168548584	-1.3450329303741455	0.3661748766899109	0.810641348361969	1.0	14	0.0	0	0.0	0	0.0	-1.0	0.0	0.0	0.0	-1.0	1.0	0.0	0.0
-0.4290604293346405	-3.59684681892395	-1.2744868993759155	0.0930330753326416	0.03663921356201172	0.5	14	0.5	13	0.0	0	-0.9999661445617676	-0.008227978833019733	0.0	0.0	0.0	1.0	-0.008227978833019733	0.9999661445617676	0.0
-0.4257424473762512	-4.000089168548584	-0.3450329005718231	0.17748451232910156	0.0	1.0	14	0.0	0	0.0	0	-0.9999661445617676	-0.008227978833019733	0.0	0.0	0.0	1.0	-0.008227978833019733	0.9999661445617676	0.0
-0.4290604293346405	-3.59684681892395	-0.31194859743118286	0.18049049377441406	0.03663921356201172	0.5	14	0.5	13	0.0	0	-0.9999661445617676	-0.008227978833019733	0.0	0.0	0.0	1.0	-0.008227978833019733	0.9999661445617676	0.0
0.5796283483505249	-3.59684681892395	-1.2744868993759155	0.9286770224571228	0.8873889446258545	0.5	14	0.5	13	0.0	0	0.0	0.17232964932918549	-0.9850393533706665	0.9999998211860657	0.0007214387878775597	0.0001262135338038206	0.0007323958561755717	-0.9850390553474426	-0.1723296046257019
-0.4257424473762512	-4.000089168548584	-1.3450329303741455	0.8373069763183594	0.9238198399543762	1.0	14	0.0	0	0.0	0	0.0	0.17232964932918549	-0.9850393533706665	0.9999997615814209	0.0007214387296698987	0.00012621351925190538	0.0007323958561755717	-0.9850391149520874	-0.1723296046257019
-0.4290604293346405	-3.59684681892395	-1.2744868993759155	0.8370264768600464	0.8873230814933777	0.5	14	0.5	13	0.0	0	0.0	0.17232964932918549	-0.9850393533706665	0.9999997019767761	0.0007214386714622378	0.00012621350469999015	0.0007323957979679108	-0.9850390553474426	-0.1723296046257019
-0.4290604293346405	3.225046396255493	-1.0921895503997803	0.18366315960884094	0.8558981418609619	1.0	0	0.0	0	0.0	0	0.0	1.0	-2.174740814098186e-07	1.0	-7.637409801808381e-12	-3.5118711821269244e-05	-3.5118711821269244e-05	-2.174740814098186e-07	-1.0
0.5785297751426697	3.2250466346740723	0.004118427634239197	0.275210440158844	0.756283164024353	1.0	0	0.0	0	0.0	0	0.0	1.0	-2.174740814098186e-07	1.0	-7.63741066917012e-12	-3.511871545924805e-05	-3.511871545924805e-05	-2.1747409562067332e-07	-1.0
0.5796283483505249	3.225046396255493	-1.0921895503997803	0.27531373500823975	0.855894923210144	1.0	0	0.0	0	0.0	0	0.0	1.0	-2.174740814098186e-07	1.0	-7.637409801808381e-12	-3.5118711821269244e-05	-3.5118711821269244e-05	-2.174740814098186e-07	-1.0
-0.4290604293346405	2.5	-0.7073440551757812	0.14456486701965332	0.5906054973602295	1.0	0	0.0	0	0.0	0	-0.9999994039535522	-0.0005308413528837264	-0.001000101794488728	-0.0010001020273193717	2.576539657184185e-07	0.9999995231628418	-0.000530840887222439	0.9999999403953552	-7.885494142101379e-07
-0.4301578998565674	3.2250466346740723	0.005168542265892029	0.2093045711517334	0.6564841270446777	1.0	0	0.0	0	0.0	0	-0.9999994039535522	-0.0005308413528837264	-0.001000101794488728	-0.0010001020273193717	2.576539657184185e-07	0.9999995231628418	-0.000530840887222439	0.9999999403953552	-7.885494142101379e-07
-0.4290604293346405	3.225046396255493	-1.0921895503997803	0.10959744453430176	0.6564841270446777	1.0	0	0.0	0	0.0	0	-0.9999994039535522	-0.0005308413528837264	-0.001000101794488728	-0.0010001020273193717	2.576539657184185e-07	0.9999995827674866	-0.0005308408290147781	0.9999998807907104	-7.885493005233002e-07
-0.4290604293346405	-3.59684681892395	-0.31194859743118286	0.09166395664215088	0.6929154396057129	0.5	14	0.5	13	0.0	0	0.001033392851240933	-0.12121526151895523	0.9926257133483887	0.9999982714653015	0.001700658700428903	-0.0008333909790962934	-0.001587097765877843	0.992624819278717	0.12121681123971939
0.5785297751426697	-0.9999999403953552	0.004118427634239197	0.18355995416641235	0.925560474395752	0.5	12	0.5	9	0.0	0	0.001033392851240933	-0.12121526151895523	0.9926257133483887	0.9999982118606567	0.0017006585840135813	-0.0008333908626809716	-0.001587097649462521	0.9926247596740723	0.1212168037891388
-0.4301578998565674	-0.9999999403953552	0.005168542265892029	0.09190955758094788	0.9257142543792725	0.5	12	0.5	9	0.0	0	0.001033392851240933	-0.12121526151895523	0.9926257133483887	0.9999982714653015	0.001700658700428903	-0.0008333909790962934	-0.001587097765877843	0.992624819278717	0.12121681123971939
-0.4290604293346405	1.0778541564941406	-1.5137381553649902	0.7140371799468994	0.9740818738937378	1.0	6	0.0	0	0.0	0	-1.0	0.0	0.0	0.0	0.0	1.0	0.0	1.0	0.0
-0.4290604293346405	0.06001606583595276	-2.2983970642089844	0.6427421569824219	0.8815999627113342	1.0	7	0.0	0	0.0	0	-1.0	0.0	0.0	0.0	0.0	1.0	0.0	1.0	0.0
-0.4290604293346405	0.06001606583595276	-1.5137381553649902	0.7140371799468994	0.8815999627113342	1.0	7	0.0	0	0.0	0	-1.0	0.0	0.0	0.0	0.0	1.0	0.0	1.0	0.0
0.5796283483505249	1.0815987586975098	-1.0	0.719052791595459	0.4617278575897217	1.0	5	0.0	0	0.0	0	1.0	0.0	0.0	0.0	-1.487258145971282e-06	-1.0	0.0	1.0	-1.487258145971282e-06
0.5796283483505249	1.51218581199646	-2.0	0.8099137544631958	0.5008516311645508	1.0	6	0.0	0	0.0	0	1.0	0.0	0.0	0.0	-1.487258487031795e-06	-1.0	0.0	1.0	-1.487258487031795e-06
0.5796283483505249	2.0	-0.8280850648880005	0.7034323215484619	0.5451748371124268	0.5	5	0.5	1	0.0	0	1.0	0.0	0.0	0.0	-1.4872582596581196e-06	-1.0	0.0	1.0	-1.4872582596581196e-06
-0.4290604293346405	1.0778541564941406	-2.2983970642089844	0.3670010566711426	0.6953705549240112	1.0	6	0.0	0	0.0	0	0.0	0.0	-1.0	1.0	1.4940656910766847e-05	0.0	1.4940656910766847e-05	-1.0	0.0
0.5796283483505249	0.06001606583595276	-2.2983970642089844	0.458651602268219	0.7878334522247314	1.0	7	0.0	0	0.0	0	0.0	0.0	-1.0	1.0	1.4947940144338645e-05	0.0	1.4947940144338645e-05	-1.0	0.0
-0.4290604293346405	0.06001606583595276	-2.2983970642089844	0.3670010566711426	0.7878320217132568	1.0	7	0.0	0	0.0	0	0.0	0.0	-1.0	1.0	1.557782343297731e-05	0.0	1.557782343297731e-05	-1.0	0.0
-0.4301578998565674	2.0	0.005168542265892029	0.2093045711517334	0.5451748371124268	1.0	1	0.0	0	0.0	0	-0.9999990463256836	0.00024654509616084397	-0.0013170893071219325	-0.0013170893071219325	-2.870132178255623e-14	0.9999991059303284	0.00024654489243403077	1.0	3.247219808599766e-07
-0.4290604293346405	2.0	-0.8280850648880005	0.13359427452087402	0.5451748371124268	0.5	5	0.5	1	0.0	0	-0.9999990463256836	0.00024654509616084397	-0.0013170893071219325	-0.0013170894235372543	-2.870121675047077e-14	0.9999991655349731	0.00024654489243403077	1.0	3.247219808599766e-07
-0.4290604293346405	1.0815987586975098	-1.0	0.11797380447387695	0.4617278575897217	1.0	5	0.0	0	0.0	0	-0.9999990463256836	0.00024654509616084397	-0.0013170893071219325	-0.0013170894235372543	-2.870110833025352e-14	0.9999991655349731	0.00024654489243403077	1.0	3.247219808599766e-07
-0.4290604293346405	-1.0	-0.7212347984313965	0.8371553421020508	0.6524767875671387	1.0	12	0.0	0	0.0	0	0.0	-0.13273383677005768	-0.9911516904830933	0.9999997615814209	0.0007161290850490332	-9.590313857188448e-05	0.0007225221488624811	-0.9911514520645142	0.1327338069677353
0.5796283483505249	1.0815987586975098	-1.0	0.928957462310791	0.4629167318344116	1.0	5	0.0	0	0.0	0	0.0	-0.13273383677005768	-0.9911516904830933	0.9999998211860657	0.0007161290850490332	-9.59031458478421e-05	0.0007225221488624811	-0.9911515116691589	0.1327338069677353
0.5796283483505249	-1.0	-0.7212347984313965	0.9288058876991272	0.6525425910949707	1.0	12	0.0	0	0.0	0	0.0	-0.13273383677005768	-0.9911516904830933	0.9999997615814209	0.0007161290850490332	-9.590313857188448e-05	0.0007225221488624811	-0.9911514520645142	0.1327338069677353
0.5796283483505249	1.0778541564941406	-1.5137381553649902	0.7336032390594482	0.6564942598342896	1.0	6	0.0	0	0.0	0	0.0	0.0	1.0	-1.0	-0.00011157778499182314	0.0	0.00011157778499182314	-1.0	0.0
-0.4290604293346405	0.06001606583595276	-1.5137381553649902	0.8252537250518799	0.7486550807952881	1.0	7	0.0	0	0.0	0	0.0	0.0	1.0	-1.0	-0.00011157015978824347	0.0	0.00011157015978824347	-1.0	0.0
0.5796283483505249	0.06001606583595276	-1.5137381553649902	0.7336032390594482	0.7486652135848999	1.0	7	0.0	0	0.0	0	0.0	0.0	1.0	-1.0	-0.0001109110817196779	0.0	0.0001109110817196779	-1.0	0.0
-0.4290604293346405	1.0815987586975098	-1.0	0.5503022074699402	0.7744579315185547	1.0	5	0.0	0	0.0	0	0.0	-0.9999958276748657	0.0028840075246989727	1.0	0.0	0.0	0.0	0.0028840075246989727	0.9999958276748657
0.5796283483505249	1.0778541564941406	-2.2983970642089844	0.6419528126716614	0.6564841270446777	1.0	6	0.0	0	0.0	0	0.0	-0.9999958276748657	0.0028840075246989727	1.0	0.0	0.0	0.0	0.0028840075246989727	0.9999958276748657
0.5796283483505249	1.0815987586975098	-1.0	0.6419527530670166	0.7744579315185547	1.0	5	0.0	0	0.0	0	0.0	-0.9999958276748657	0.0028840075246989727	1.0	0.0	0.0	0.0	0.0028840075246989727	0.9999958276748657
0.5796283483505249	1.0778541564941406	-1.5137381553649902	0.9287050366401672	0.0	1.0	6	0.0	0	0.0	0	0.0	1.0	0.0	0.0	0.0	-1.0	-1.0	0.0	0.0
-0.4290604293346405	1.0778541564941406	-2.2983970642089844	1.0	0.0916505753993988	1.0	6	0.0	0	0.0	0	0.0	1.0	0.0	0.0	0.0	-1.0	-1.0	0.0	0.0
-0.4290604293346405	1.0778541564941406	-1.5137381553649902	0.9287050366401672	0.0916505753993988	1.0	6	0.0	0	0.0	0	0.0	1.0	0.0	0.0	0.0	-1.0	-1.0	0.0	0.0
-0.4301578998565674	2.0	0.005168542265892029	0.2093045711517334	0.5451748371124268	1.0	1	0.0	0	0.0	0	-0.9999991655349731	0.0003180534113198519	-0.0013170894235372543	-0.0013170895399525762	7.405361046597392e-14	0.9999991655349731	0.0003180531202815473	0.9999999403953552	4.189047047020722e-07
-0.4290604293346405	2.5	-0.7073440551757812	0.14456486701965332	0.5906054973602295	1.0	0	0.0	0	0.0	0	-0.9999991655349731	0.0003180534113198519	-0.0013170894235372543	-0.0013170894235372543	7.405274310423593e-14	0.9999991059303284	0.0003180531202815473	1.0	4.189047047020722e-07
-0.4290604293346405	2.0	-0.8280850648880005	0.13359427452087402	0.5451748371124268	0.5	5	0.5	1	0.0	0	-0.9999991655349731	0.0003180534113198519	-0.0013170894235372543	-0.0013170894235372543	3.702767259472495e-14	0.9999991059303284	0.0003180531202815473	1.0	4.1890476154549106e-07
0.5785297751426697	2.0	0.004118427634239197	0.6278173923492432	0.5451748371124268	1.0	1	0.0	0	0.0	0	0.9999988079071045	0.0	0.0015441037248820066	0.0015441038412973285	0.0	-0.9999988675117493	0.0	1.0	0.0
0.5796283483505249	2.5	-0.7073440551757812	0.6924614906311035	0.5906054973602295	1.0	0	0.0	0	0.0	0	0.9999988079071045	0.0	0.0015441037248820066	0.0015441037248820066	0.0	-0.9999988079071045	0.0	1.0	0.0
-0.4290604293346405	2.0	-0.8280850648880005	0.8252695202827454	0.769099235534668	0.5	5	0.5	1	0.0	0	0.0	0.2347348928451538	-0.9720594882965088	-1.0	0.0	0.0	0.0	0.9720594882965088	0.2347348928451538
0.5796283483505249	2.5	-0.7073440551757812	0.7336275577545166	0.8142898082733154	1.0	0	0.0	0	0.0	0	0.0	0.2347348928451538	-0.9720594882965088	-1.0	0.0	0.0	0.0	0.972059428691864	0.23473487794399261
0.5796283483505249	2.0	-0.8280850648880005	0.733618974685669	0.769099235534668	0.5	5	0.5	1	0.0	0	0.0	0.2347348928451538	-0.9720594882965088	-1.0	0.0	0.0	0.0	0.9720594882965088	0.2347348928451538
-0.4257424473762512	-4.000089168548584	-0.3450329005718231	0.09190961718559265	0.6566452980041504	1.0	14	0.0	0	0.0	0	0.0	-0.08177094906568527	0.9966512322425842	0.9999983906745911	0.0017790806014090776	0.00014596592518500984	-0.0017850586446002126	0.9966496229171753	0.08177081495523453
0.5796283483505249	-3.59684681892395	-0.31194859743118286	0.18331432342529297	0.6927540302276611	0.5	14	0.5	13	0.0	0	0.0	-0.08177094906568527	0.9966512322425842	0.9999983906745911	0.0017790808342397213	0.00014596593973692507	-0.001785058993846178	0.9966496229171753	0.08177081495523453
-0.4290604293346405	-3.59684681892395	-0.31194859743118286	0.09166395664215088	0.6929154396057129	0.5	14	0.5	13	0.0	0	0.0	-0.08177094906568527	0.9966512322425842	0.9999984502792358	0.0017790808342397213	0.00014596593973692507	-0.0017850587610155344	0.9966495633125305	0.08177081495523453
0.5796283483505249	-1.0	-0.7212347984313965	0.9288058876991272	0.6525425910949707	1.0	12	0.0	0	0.0	0	0.0	0.20837120711803436	-0.9780497550964355	0.9999997019767761	0.0007213639910332859	0.0001536849158583209	0.0007375534623861313	-0.9780495762825012	-0.20837117731571198
-0.4290604293346405	-3.59684681892395	-1.2744868993759155	0.8370264768600464	0.8873230814933777	0.5	14	0.5	13	0.0	0	0.0	0.20837120711803436	-0.9780497550964355	0.9999997019767761	0.0007213639910332859	0.0001536849158583209	0.0007375534623861313	-0.9780495762825012	-0.20837117731571198
-0.4290604293346405	-1.0	-0.7212347984313965	0.8371553421020508	0.6524767875671387	1.0	12	0.0	0	0.0	0	0.0	0.20837120711803436	-0.9780497550964355	0.9999997615814209	0.0007213640492409468	0.00015368493041023612	0.0007375534041784704	-0.9780495166778564	-0.20837116241455078
-0.4290604293346405	-1.0	-0.7212347984313965	0.14330244064331055	0.27259159088134766	1.0	12	0.0	0	0.0	0	-0.9999988675117493	-0.00023811966821085662	-0.0015108261723071337	-0.0015108260558918118	8.205437040942343e-08	0.9999988079071045	-0.000238119246205315	1.0	-4.418116645865666e-07
-0.4290604293346405	-3.59684681892395	-0.31194859743118286	0.18049049377441406	0.03663921356201172	0.5	14	0.5	13	0.0	0	-0.9999988675117493	-0.00023811966821085662	-0.0015108261723071337	-0.0015108261723071337	8.205439883113286e-08	0.9999988675117493	-0.00023811926075723022	1.0	-4.418117214299855e-07
-0.4301578998565674	-0.9999999403953552	0.005168542265892029	0.2093043327331543	0.27259159088134766	0.5	12	0.5	9	0.0	0	-0.9999988675117493	-0.00023811966821085662	-0.0015108261723071337	-0.0015108264051377773	8.205439883113286e-08	0.999998927116394	-0.00023811927530914545	1.0	-4.4181177827340434e-07
0.5796283483505249	-1.0	-0.7212347984313965	0.6937239170074463	0.27259159088134766	1.0	12	0.0	0	0.0	0	1.0	0.0	0.0	0.0	0.0	-1.0	0.0	1.0	0.0
0.5796283483505249	-3.59684681892395	-0.31194859743118286	0.6565358638763428	0.03663921356201172	0.5	14	0.5	13	0.0	0	1.0	0.0	0.0	0.0	0.0	-1.0	0.0	1.0	0.0
0.5796283483505249	-3.59684681892395	-1.2744868993759155	0.7439932823181152	0.03663921356201172	0.5	14	0.5	13	0.0	0	1.0	0.0	0.0	0.0	0.0	-1.0	0.0	1.0	0.0
0.5796283483505249	0.06001606583595276	-1.5137381553649902	0.7336032390594482	0.7486652135848999	1.0	7	0.0	0	0.0	0	0.0	0.0	1.0	-1.0	-0.00011092837667092681	0.0	0.00011092838394688442	-1.0	0.0
-0.4290604293346405	-0.16563522815704346	-1.5137381553649902	0.8252537250518799	0.7690891027450562	1.0	7	0.0	0	0.0	0	0.0	0.0	1.0	-1.0	-0.00011093118519056588	0.0	0.0001109311924665235	-1.0	0.0
0.5796283483505249	-0.16563522815704346	-1.5137381553649902	0.7336032390594482	0.769099235534668	1.0	7	0.0	0	0.0	0	0.0	0.0	1.0	-1.0	-0.00011092784552602097	0.0	0.00011092785280197859	-1.0	0.0
-0.4290604293346405	0.06001606583595276	-2.2983970642089844	0.3670010566711426	0.7878320217132568	1.0	7	0.0	0	0.0	0	0.0	0.0	-1.0	1.0	1.4484590792562813e-05	0.0	1.4484591702057514e-05	-1.0	0.0
0.5796283483505249	-0.16563522815704346	-2.2983970642089844	0.458651602268219	0.8083318471908569	1.0	7	0.0	0	0.0	0	0.0	0.0	-1.0	1.0	1.5428107872139663e-05	0.0	1.5428107872139663e-05	-1.0	0.0
-0.4290604293346405	-0.16563522815704346	-2.2983970642089844	0.3670010566711426	0.8083305358886719	1.0	7	0.0	0	0.0	0	0.0	0.0	-1.0	1.0	1.4300930160970893e-05	0.0	1.4300931070465595e-05	-1.0	0.0
-0.4290604293346405	-0.16563522815704346	-2.2983970642089844	0.6427421569824219	0.8610970377922058	1.0	7	0.0	0	0.0	0	-1.0	0.0	0.0	0.0	0.0	1.0	0.0	1.0	0.0
-0.4290604293346405	-0.16563522815704346	-1.5137381553649902	0.7140371799468994	0.8610970377922058	1.0	7	0.0	0	0.0	0	-1.0	0.0	0.0	0.0	0.0	1.0	0.0	1.0	0.0
0.5796283483505249	1.0778541564941406	-2.2983970642089844	0.18355989456176758	0.8558980226516724	1.0	6	0.0	0	0.0	0	1.0	0.0	0.0	0.0	0.0	1.0	0.0	-1.0	0.0
0.5796283483505249	1.0778541564941406	-1.5137381553649902	0.2548549175262451	0.8558980226516724	1.0	6	0.0	0	0.0	0	1.0	0.0	0.0	0.0	0.0	1.0	0.0	-1.0	0.0
0.5789040327072144	2.5	0.7155795097351074	0.5503021478652954	0.8206344842910767	1.0	0	0.0	0	0.0	0	0.001839140197262168	-0.46883633732795715	0.883283257484436	0.9999978542327881	8.735518086666616e-09	-0.0020821543876081705	0.0009761818801052868	0.8832851648330688	0.46883532404899597
-0.4289811849594116	3.2250466346740723	1.1025242805480957	0.45868074893951416	0.8834269046783447	1.0	0	0.0	0	0.0	0	0.001839140197262168	-0.46883633732795715	0.883283257484436	0.9999978542327881	8.735518086666616e-09	-0.0020821543876081705	0.0009761818801052868	0.8832851648330688	0.46883532404899597
-0.429782509803772	2.5	0.7176797389984131	0.4586516320705414	0.8206344842910767	1.0	0	0.0	0	0.0	0	0.001839140197262168	-0.46883633732795715	0.883283257484436	0.9999978542327881	8.735518086666616e-09	-0.0020821543876081705	0.0009761818801052868	0.8832851648330688	0.46883532404899597
-0.4291731119155884	1.0815987586975098	1.0103349685668945	0.3006349802017212	0.4617278575897217	1.0	2	0.0	0	0.0	0	-0.999999463558197	0.0	0.0009797257371246815	0.0009797258535400033	5.43854582701897e-07	0.9999995231628418	-5.328283925187804e-10	1.0	-5.438543553282216e-07
-0.4301578998565674	2.0	0.005168542265892029	0.2093045711517334	0.5451748371124268	1.0	1	0.0	0	0.0	0	-0.999999463558197	0.0	0.0009797257371246815	0.0009797257371246815	5.438545258584782e-07	0.999999463558197	-5.328283370076292e-10	1.0	-5.438542984848027e-07
-0.4301578998565674	-0.9999999403953552	0.005168542265892029	0.2093043327331543	0.27259159088134766	0.5	12	0.5	9	0.0	0	-0.999999463558197	0.0	0.0009797257371246815	0.0009797257371246815	5.438545258584782e-07	0.999999463558197	-5.328283370076292e-10	1.0	-5.438542984848027e-07
-0.42860162258148193	-3.596846580505371	1.2848212718963623	0.3255746364593506	0.03663897514343262	0.5	11	0.5	10	0.0	0	-0.9999978542327881	5.082214471485713e-08	0.0020821094512939453	0.0020821094512939453	2.618727876324556e-06	0.9999979138374329	4.5369553447471844e-08	1.0	-2.6188276933680754e-06
-0.4305049180984497	-3.999999523162842	0.3707141578197479	0.24251770973205566	8.344650268554688e-06	1.0	11	0.0	0	0.0	0	-0.9999978542327881	5.082214471485713e-08	0.0020821094512939453	0.0020821094512939453	2.6187276489508804e-06	0.9999978542327881	4.536955700018552e-08	1.0	-2.6188276933680754e-06
-0.42842280864715576	-3.999999523162842	1.3707120418548584	0.33337879180908203	8.106231689453125e-06	1.0	11	0.0	0	0.0	0	-0.9999978542327881	5.082214471485713e-08	0.0020821094512939453	0.0020821094512939453	2.6187276489508804e-06	0.9999978542327881	4.536955700018552e-08	1.0	-2.6188276933680754e-06
0.5805830955505371	-0.16563516855239868	1.5219717025756836	0.27531373500823975	0.9022918939590454	1.0	4	0.0	0	0.0	0	0.0	-1.0	0.0	0.002082117600366473	0.0	0.9999978542327881	-0.9999978542327881	0.0	0.002082117600366473
-0.42646968364715576	-0.16563516855239868	2.3087291717529297	0.3466087579727173	0.9939424991607666	1.0	4	0.0	0	0.0	0	0.0	-1.0	0.0	0.0020821173675358295	0.0	0.9999978542327881	-0.9999978542327881	0.0	0.0020821173675358295
-0.4281034469604492	-0.16563516855239868	1.5240721702575684	0.27531373500823975	0.9939424991607666	1.0	4	0.0	0	0.0	0	0.0	-1.0	0.0	0.0020821173675358295	0.0	0.9999978542327881	-0.9999978542327881	0.0	0.0020821173675358295
-0.429782509803772	2.5	0.7176797389984131	0.2740440368652344	0.5906052589416504	1.0	0	0.0	0	0.0	0	-0.9999998211860657	0.0	0.0005268548848107457	0.0005268549430184066	3.6827289022767218e-06	0.9999998807907104	-1.9402637274623658e-09	1.0	-3.6827282201556955e-06
-0.4301578998565674	3.2250466346740723	0.005168542265892029	0.2093045711517334	0.6564841270446777	1.0	0	0.0	0	0.0	0	-0.9999998211860657	0.0	0.0005268548848107457	0.0005268549430184066	3.6827289022767218e-06	0.9999998807907104	-1.9402637274623658e-09	1.0	-3.6827282201556955e-06
-0.4301578998565674	2.5	0.005168542265892029	0.2093045711517334	0.5906054973602295	1.0	0	0.0	0	0.0	0	-0.9999998211860657	0.0	0.0005268548848107457	0.0005268549430184066	3.6827291296503972e-06	0.9999999403953552	-1.9402637274623658e-09	1.0	-3.682728447529371e-06
0.5815956592559814	1.51218581199646	2.008232593536377	0.36696434020996094	0.8106414675712585	1.0	3	0.0	0	0.0	0	0.001715953811071813	0.566263735294342	0.8242224454879761	0.9999979138374329	-2.7261146673396297e-09	-0.002081899903714657	-0.0011789021082222462	0.8242242336273193	-0.5662624835968018
-0.42646968364715576	1.0778541564941406	2.3087291717529297	0.27533096075057983	0.7690891027450562	1.0	3	0.0	0	0.0	0	0.001715953811071813	0.566263735294342	0.8242224454879761	0.9999978542327881	-2.792035047605168e-09	-0.002081899670884013	-0.0011789018753916025	0.8242241144180298	-0.5662624835968018
0.5822169780731201	1.0778541564941406	2.306629180908203	0.36698153614997864	0.7690891027450562	1.0	3	0.0	0	0.0	0	0.001715953811071813	0.566263735294342	0.8242224454879761	0.9999979138374329	-2.7261146673396297e-09	-0.002081899903714657	-0.0011789021082222462	0.8242242336273193	-0.5662624835968018
-0.4295310974121094	2.0	0.8384206295013428	0.45863214135169983	0.8083320260047913	0.5	2	0.5	1	0.0	0	0.0008002570830285549	0.9232122302055359	0.3842898905277252	-0.9999979138374329	1.848292363604287e-08	0.002082382095977664	0.0019224733114242554	-0.3842907249927521	0.9232102036476135
0.5815956592559814	1.51218581199646	2.008232593536377	0.366981565952301	0.9148135185241699	1.0	3	0.0	0	0.0	0	0.0008002570830285549	0.9232122302055359	0.3842898905277252	-0.9999979138374329	1.837540430926765e-08	0.0020823823288083076	0.001922473544254899	-0.3842907249927521	0.9232102036476135
0.579155445098877	2.0	0.836320161819458	0.366981565952301	0.8083320260047913	0.5	2	0.5	1	0.0	0	0.0008002570830285549	0.9232122302055359	0.3842898905277252	-0.9999979138374329	1.848292363604287e-08	0.002082382095977664	0.0019224733114242554	-0.3842907249927521	0.9232102036476135
-0.4281034469604492	-0.16563516855239868	1.5240721702575684	0.6216261386871338	0.9939241409301758	1.0	4	0.0	0	0.0	0	-0.9999978542327881	0.0	0.0020821322686970234	-0.0020821322686970234	-1.67881023571681e-06	-0.9999979138374329	3.4955045524753814e-09	-1.0	1.6788063703643274e-06
-0.42646968364715576	0.06001611053943634	2.3087291717529297	0.5503313541412354	0.9734213352203369	1.0	4	0.0	0	0.0	0	-0.9999978542327881	0.0	0.0020821322686970234	-0.0020821322686970234	-1.6788101220299723e-06	-0.9999979138374329	3.4955043304307765e-09	-1.0	1.6788062566774897e-06
-0.4281034469604492	0.06001611053943634	1.5240721702575684	0.6216261386871338	0.9734212160110474	1.0	4	0.0	0	0.0	0	-0.9999978542327881	0.0	0.0020821322686970234	-0.0020821322686970234	-1.6788098946562968e-06	-0.9999978542327881	3.4955043304307765e-09	-1.0	1.6788062566774897e-06
0.579513430595398	1.0815987586975098	1.0082347393035889	0.5365822315216064	0.4617278575897217	1.0	2	0.0	0	0.0	0	0.9999979138374329	-2.213228356140462e-08	-0.00208221934735775	-0.00208221934735775	-1.8837855577658047e-06	-0.9999979138374329	1.820978212663249e-08	1.0	-1.8838273945220863e-06
0.5815956592559814	1.51218581199646	2.008232593536377	0.4457213878631592	0.5008513927459717	1.0	3	0.0	0	0.0	0	0.9999979138374329	-2.213228356140462e-08	-0.00208221934735775	-0.00208221934735775	-1.8837855577658047e-06	-0.9999979138374329	1.820978212663249e-08	1.0	-1.8838273945220863e-06
0.5822169780731201	1.0778541564941406	2.306629180908203	0.4186086654663086	0.46138739585876465	1.0	3	0.0	0	0.0	0	0.9999979138374329	-2.213228356140462e-08	-0.00208221934735775	-0.00208221934735775	-1.883785444078967e-06	-0.9999978542327881	1.820978035027565e-08	1.0	-1.8838272808352485e-06
-0.42842280864715576	-3.999999523162842	1.3707120418548584	0.7336033582687378	0.8610970973968506	1.0	11	0.0	0	0.0	0	0.0	-1.0	0.0	0.002082246355712414	0.0	0.9999977946281433	-0.9999977946281433	0.0	0.002082246355712414
0.5781816244125366	-3.999999523162842	0.36861392855644226	0.6427422165870667	0.7694464921951294	1.0	11	0.0	0	0.0	0	0.0	-1.0	0.0	0.002082246821373701	0.0	0.9999977946281433	-0.9999977946281433	0.0	0.002082246821373701
0.5802638530731201	-3.999999523162842	1.3686118125915527	0.7336033582687378	0.7694464921951294	1.0	11	0.0	0	0.0	0	0.0	-1.0	0.0	0.002082246821373701	0.0	0.9999979138374329	-0.9999979138374329	0.0	0.002082246821373701
0.580085039138794	-3.596846580505371	1.2827208042144775	0.5116424560546875	0.03663921356201172	0.5	11	0.5	10	0.0	0	0.9999978542327881	1.983754849277375e-08	-0.0020822715014219284	-0.0020822715014219284	-3.2392661621275643e-18	-0.9999979138374329	-1.9837504083852764e-08	1.0	4.1307152143232884e-11
0.5781816244125366	-3.999999523162842	0.36861392855644226	0.5946993827819824	8.106231689453125e-06	1.0	11	0.0	0	0.0	0	0.9999978542327881	1.983754849277375e-08	-0.0020822715014219284	-0.0020822715014219284	-7.858083470355754e-18	-0.9999978542327881	-1.9837505860209603e-08	1.0	4.1307155612679836e-11
0.5780807733535767	-3.596846580505371	0.3201846778392792	0.5990996360778809	0.03663921356201172	0.5	11	0.5	10	0.0	0	0.9999978542327881	1.983754849277375e-08	-0.0020822715014219284	-0.0020822715014219284	-7.858057000576153e-18	-0.9999978542327881	-1.9837505860209603e-08	1.0	4.1307155612679836e-11
-0.42860162258148193	-3.596846580505371	1.2848212718963623	0.83705073595047	0.03714704513549805	0.5	11	0.5	10	0.0	0	0.002036667661741376	0.20837216079235077	0.9780474901199341	0.9999978542327881	-1.0261481293127872e-05	-0.00208019046112895	-0.00042341757216490805	0.978049635887146	-0.20837172865867615
0.5802638530731201	-3.999999523162842	1.3686118125915527	0.928705096244812	9.5367431640625e-07	1.0	11	0.0	0	0.0	0	0.002036667661741376	0.20837216079235077	0.9780474901199341	0.9999978542327881	-1.0261433089908678e-05	-0.00208019046112895	-0.00042341763037256896	0.978049635887146	-0.20837172865867615
0.580085039138794	-3.596846580505371	1.2827208042144775	0.9287012815475464	0.03714799880981445	0.5	11	0.5	10	0.0	0	0.002036667661741376	0.20837216079235077	0.9780474901199341	0.9999979138374329	-1.0261481293127872e-05	-0.00208019046112895	-0.00042341757216490805	0.9780496954917908	-0.20837174355983734
0.5797053575515747	3.2250466346740723	1.10042405128479	0.27531373500823975	0.6566716432571411	1.0	0	0.0	0	0.0	0	0.0	1.0	0.0	1.0	0.0	-3.4847915230784565e-05	-3.4847915230784565e-05	0.0	-1.0
-0.4301578998565674	3.2250466346740723	0.005168542265892029	0.18355995416641235	0.7561910152435303	1.0	0	0.0	0	0.0	0	0.0	1.0	0.0	1.0	0.0	-3.484791159280576e-05	-3.484791159280576e-05	0.0	-1.0
-0.4289811849594116	3.2250466346740723	1.1025242805480957	0.18366336822509766	0.6564840078353882	1.0	0	0.0	0	0.0	0	0.0	1.0	0.0	1.0	0.0	-3.484791159280576e-05	-3.484791159280576e-05	0.0	-1.0
0.5789040327072144	2.5	0.7155795097351074	0.5631732940673828	0.5906054973602295	1.0	0	0.0	0	0.0	0	0.9999992251396179	-0.0005360356299206614	-0.0010723118903115392	-0.001072313403710723	-2.4242788185802056e-06	-0.999999463558197	0.0005360327195376158	0.9999998211860657	-2.9990751500008628e-06
0.5785297751426697	3.2250466346740723	0.004118427634239197	0.6278173923492432	0.6564841270446777	1.0	0	0.0	0	0.0	0	0.9999992251396179	-0.0005360356299206614	-0.0010723118903115392	-0.001072313403710723	-2.4242788185802056e-06	-0.999999463558197	0.0005360327195376158	0.9999998211860657	-2.9990751500008628e-06
0.5797053575515747	3.2250466346740723	1.10042405128479	0.5282056331634521	0.6564838886260986	1.0	0	0.0	0	0.0	0	0.9999992251396179	-0.0005360356299206614	-0.0010723118903115392	-0.001072313403710723	-2.4242788185802056e-06	-0.999999463558197	0.0005360327195376158	0.9999998211860657	-2.9990751500008628e-06
0.5780807733535767	-3.596846580505371	0.3201846778392792	0.09165048599243164	0.8929867148399353	0.5	11	0.5	10	0.0	0	-0.0010334431426599622	-0.12081971764564514	-0.9926738739013672	0.999999463558197	-0.0002096267562592402	-0.0010155555792152882	-8.539186819689348e-05	-0.9926744103431702	0.12081986665725708
-0.4301578998565674	-0.9999999403953552	0.005168542265892029	1.341104507446289e-05	0.6565032601356506	0.5	12	0.5	9	0.0	0	-0.0010334431426599622	-0.12081971764564514	-0.9926738739013672	0.9999995231628418	-0.00020962677081115544	-0.00101555569563061	-8.539186092093587e-05	-0.9926744699478149	0.12081987410783768
0.5785297751426697	-0.9999999403953552	0.004118427634239197	0.09166392683982849	0.6564840078353882	0.5	12	0.5	9	0.0	0	-0.0010334431426599622	-0.12081971764564514	-0.9926738739013672	0.999999463558197	-0.00020962677081115544	-0.0010155555792152882	-8.539188274880871e-05	-0.9926744103431702	0.12081986665725708
0.5805830955505371	1.0778541564941406	1.5219717025756836	0.8048980236053467	0.9938718676567078	1.0	3	0.0	0	0.0	0	0.9999978542327881	0.0	-0.002082283142954111	-0.002082283142954111	-8.213766591325111e-07	-0.9999979138374329	-1.7103385374639402e-09	1.0	-8.213747832996887e-07
0.5822169780731201	0.06001611053943634	2.306629180908203	0.7336032390594482	0.9013898968696594	1.0	4	0.0	0	0.0	0	0.9999978542327881	0.0	-0.002082283142954111	-0.002082283142954111	-8.213765454456734e-07	-0.9999979138374329	-1.7103383154193352e-09	1.0	-8.21374669612851e-07
0.5805830955505371	0.06001611053943634	1.5219717025756836	0.8048980236053467	0.9013899564743042	1.0	4	0.0	0	0.0	0	0.9999978542327881	0.0	-0.002082283142954111	-0.002082283142954111	-8.213764886022545e-07	-0.9999979138374329	-1.7103382043970328e-09	1.0	-8.213746127694321e-07
-0.4291731119155884	1.0815987586975098	1.0103349685668945	0.3006349802017212	0.4617278575897217	1.0	2	0.0	0	0.0	0	-0.9999978542327881	-4.058712477217341e-08	0.0020821269135922194	0.0020821269135922194	3.3876472116389778e-06	0.9999979138374329	-4.764054750694413e-08	1.0	-3.387554897926748e-06
-0.42709100246429443	1.51218581199646	2.0103328227996826	0.39149606227874756	0.5008511543273926	1.0	3	0.0	0	0.0	0	-0.9999978542327881	-4.058712477217341e-08	0.0020821269135922194	0.0020821269135922194	3.3876476663863286e-06	0.9999979138374329	-4.764054750694413e-08	1.0	-3.3875553526740987e-06
-0.4295310974121094	2.0	0.8384206295013428	0.28501462936401367	0.5451748371124268	0.5	2	0.5	1	0.0	0	-0.9999978542327881	-4.058712477217341e-08	0.0020821269135922194	0.0020821269135922194	3.3876476663863286e-06	0.9999979138374329	-4.764054750694413e-08	1.0	-3.3875553526740987e-06
0.5822169780731201	1.0778541564941406	2.306629180908203	0.36698153614997864	0.7690891027450562	1.0	3	0.0	0	0.0	0	0.0020819015335291624	0.0	0.9999977946281433	0.9999979138374329	0.0	-0.002081901766359806	0.0	1.0	0.0
-0.42646968364715576	0.06001611053943634	2.3087291717529297	0.2753254771232605	0.676918089389801	1.0	4	0.0	0	0.0	0	0.0020819015335291624	0.0	0.9999977946281433	0.9999979138374329	0.0	-0.002081901766359806	0.0	1.0	0.0
0.5822169780731201	0.06001611053943634	2.306629180908203	0.3669760525226593	0.676918089389801	1.0	4	0.0	0	0.0	0	0.0020819015335291624	0.0	0.9999977946281433	0.9999978542327881	0.0	-0.002081901766359806	0.0	1.0	0.0
0.5785297751426697	2.0	0.004118427634239197	0.6278173923492432	0.5451748371124268	1.0	1	0.0	0	0.0	0	0.9999997019767761	0.0002490586484782398	-0.0007518247002735734	-0.0007518247584812343	-2.898375983662049e-14	-0.9999997615814209	-0.00024905859027057886	1.0	1.8724843187101214e-07
0.579155445098877	2.0	0.836320161819458	0.5522027015686035	0.5451748371124268	0.5	2	0.5	1	0.0	0	0.9999997019767761	0.0002490586484782398	-0.0007518247002735734	-0.0007518247002735734	-2.898375983662049e-14	-0.9999997019767761	-0.0002490585611667484	0.9999999403953552	1.8724841766015743e-07
0.579513430595398	1.0815987586975098	1.0082347393035889	0.5365822315216064	0.4617278575897217	1.0	2	0.0	0	0.0	0	0.9999997019767761	0.0002490586484782398	-0.0007518247002735734	-0.0007518247584812343	-2.898375983662049e-14	-0.9999997615814209	-0.00024905859027057886	1.0	1.8724843187101214e-07
0.5789330005645752	-0.9999998807907104	0.7294700145721436	0.9286770820617676	0.2764253616333008	1.0	9	0.0	0	0.0	0	0.0020639339927583933	-0.1327337920665741	0.9911496043205261	0.9999978542327881	-7.919702511571813e-06	-0.0020834198221564293	0.0002843898255378008	0.991151750087738	0.13273349404335022
-0.4291731119155884	1.0815987586975098	1.0103349685668945	0.8370544910430908	0.46285009384155273	1.0	2	0.0	0	0.0	0	0.0020639339927583933	-0.1327337920665741	0.9911496043205261	0.9999977946281433	-7.91966976976255e-06	-0.0020834198221564293	0.0002843897673301399	0.9911516904830933	0.13273347914218903
-0.42975354194641113	-0.9999998807907104	0.7315704822540283	0.8370265960693359	0.2764246463775635	1.0	9	0.0	0	0.0	0	0.0020639339927583933	-0.1327337920665741	0.9911496043205261	0.9999978542327881	-7.919670679257251e-06	-0.0020834198221564293	0.0002843897673301399	0.991151750087738	0.13273349404335022
-0.4281034469604492	1.0778541564941406	1.5240721702575684	0.6419528126716614	0.6564866304397583	1.0	3	0.0	0	0.0	0	-0.002082374645397067	0.0	-0.9999979138374329	0.9999978542327881	-2.859926644305233e-05	-0.002082374645397067	-2.8599202778423205e-05	-1.0	5.9554380982262956e-08
0.5805830955505371	0.06001611053943634	1.5219717025756836	0.733603298664093	0.7489455342292786	1.0	4	0.0	0	0.0	0	-0.002082374645397067	0.0	-0.9999979138374329	0.9999978542327881	-2.8599268262041733e-05	-0.002082374645397067	-2.859920459741261e-05	-1.0	5.9554384534976634e-08
-0.4281034469604492	0.06001611053943634	1.5240721702575684	0.6419528126716614	0.7489481568336487	1.0	4	0.0	0	0.0	0	-0.002082374645397067	0.0	-0.9999979138374329	0.9999978542327881	-2.859926644305233e-05	-0.002082374645397067	-2.8599202778423205e-05	-1.0	5.9554380982262956e-08
0.579513430595398	1.0815987586975098	1.0082347393035889	0.5503022074699402	0.6564840078353882	1.0	2	0.0	0	0.0	0	-6.004924671287881e-06	-0.9999958276748657	-0.0028840010054409504	0.9999978542327881	-2.412248178984555e-11	-0.002082137856632471	0.002082129241898656	-0.002884007291868329	0.9999936819076538
-0.42646968364715576	1.0778541564941406	2.3087291717529297	0.458651602268219	0.7744578123092651	1.0	3	0.0	0	0.0	0	-6.004924671287881e-06	-0.9999958276748657	-0.0028840010054409504	0.9999978542327881	-2.3667734438959087e-11	-0.0020821380894631147	0.0020821294747292995	-0.002884007291868329	0.9999936819076538
-0.4291731119155884	1.0815987586975098	1.0103349685668945	0.4586516320705414	0.6564840078353882	1.0	2	0.0	0	0.0	0	-6.004924671287881e-06	-0.9999958276748657	-0.0028840010054409504	0.9999978542327881	-2.412248178984555e-11	-0.002082137856632471	0.002082129241898656	-0.002884007291868329	0.9999936819076538
